bird,session,pair,time,time_diff,resp_RI,resp_RR,reward_RI,reward_RR,time_since_last_reward_RI,time_since_last_reward_RR,visit_lenght_response_RI,visit_lenght_response_RR,responses_before_reward_RI,responses_before_reward_RR,visit_lenght_time_RI,visit_lenght_time_RR
P892,S68,1,0.0,0.0,0,0,0,0,0.0,0.0,0,0,0,0,0.0,0.0
P892,S68,1,433.68,433.68,0,1,0,0,433.68,433.68,0,0,0,1,0.0,0.0
P892,S68,1,435.55,1.8700000000000045,0,1,0,0,435.55,435.55,0,1,0,2,0.0,1.8700000000000045
P892,S68,1,435.98,0.4300000000000068,0,1,0,0,435.98,435.98,0,2,0,3,0.0,2.3000000000000114
P892,S68,1,436.39,0.40999999999996817,0,1,0,0,436.39,436.39,0,3,0,4,0.0,2.7099999999999795
P892,S68,1,439.19,2.8000000000000114,0,1,0,0,439.19,439.19,0,4,0,5,0.0,5.509999999999991
P892,S68,1,441.86,2.670000000000016,0,1,0,0,441.86,441.86,0,5,0,6,0.0,8.180000000000007
P892,S68,1,442.36,0.5,0,1,0,0,442.36,442.36,0,6,0,7,0.0,8.680000000000007
P892,S68,1,444.06,1.6999999999999886,0,1,0,0,444.06,444.06,0,7,0,8,0.0,10.379999999999995
P892,S68,1,444.4,0.339999999999975,0,1,0,0,444.4,444.4,0,8,0,9,0.0,10.71999999999997
P892,S68,1,445.53,1.1299999999999955,0,1,0,0,445.53,445.53,0,9,0,10,0.0,11.849999999999966
P892,S68,1,445.84,0.3100000000000023,0,1,0,0,445.84,445.84,0,10,0,11,0.0,12.159999999999968
P892,S68,1,446.26,0.4200000000000159,0,1,0,0,446.26,446.26,0,11,0,12,0.0,12.579999999999984
P892,S68,1,447.97,1.7100000000000364,0,1,0,0,447.97,447.97,0,12,0,13,0.0,14.29000000000002
P892,S68,1,448.11,0.13999999999998636,0,1,0,0,448.11,448.11,0,13,0,14,0.0,14.430000000000007
P892,S68,1,449.57,1.4599999999999795,0,1,0,0,449.57,449.57,0,14,0,15,0.0,15.889999999999986
P892,S68,1,451.59,2.019999999999982,0,1,0,0,451.59,451.59,0,15,0,16,0.0,17.909999999999968
P892,S68,1,453.87,2.2800000000000296,0,1,0,0,453.87,453.87,0,16,0,17,0.0,20.189999999999998
P892,S68,1,454.23,0.36000000000001364,0,1,0,0,454.23,454.23,0,17,0,18,0.0,20.55000000000001
P892,S68,1,455.77,1.5399999999999636,0,1,0,0,455.77,455.77,0,18,0,19,0.0,22.089999999999975
P892,S68,1,457.75,1.9800000000000182,0,1,0,0,457.75,457.75,0,19,0,20,0.0,24.069999999999993
P892,S68,1,460.1,2.3500000000000227,0,1,0,0,460.1,460.1,0,20,0,21,0.0,26.420000000000016
P892,S68,1,461.76,1.6599999999999682,0,1,0,0,461.76,461.76,0,21,0,22,0.0,28.079999999999984
P892,S68,1,462.16,0.4000000000000341,0,1,0,0,462.16,462.16,0,22,0,23,0.0,28.480000000000018
P892,S68,1,462.53,0.3699999999999477,0,1,0,0,462.53,462.53,0,23,0,24,0.0,28.849999999999966
P892,S68,1,462.92,0.3900000000000432,0,1,0,0,462.92,462.92,0,24,0,25,0.0,29.24000000000001
P892,S68,1,464.69,1.7699999999999818,0,1,0,0,464.69,464.69,0,25,0,26,0.0,31.00999999999999
P892,S68,1,465.09,0.39999999999997726,0,1,0,0,465.09,465.09,0,26,0,27,0.0,31.409999999999968
P892,S68,1,465.56,0.4700000000000273,0,1,0,0,465.56,465.56,0,27,0,28,0.0,31.879999999999995
P892,S68,1,465.92,0.36000000000001364,0,1,0,0,465.92,465.92,0,28,0,29,0.0,32.24000000000001
P892,S68,1,467.11,1.1899999999999977,0,1,0,0,467.11,467.11,0,29,0,30,0.0,33.43000000000001
P892,S68,1,467.46,0.3499999999999659,0,1,0,0,467.46,467.46,0,30,0,31,0.0,33.77999999999997
P892,S68,1,468.94,1.4800000000000182,0,1,0,0,468.94,468.94,0,31,0,32,0.0,35.25999999999999
P892,S68,1,470.89,1.9499999999999886,0,1,0,0,470.89,470.89,0,32,0,33,0.0,37.20999999999998
P892,S68,1,471.22,0.3300000000000409,0,1,0,0,471.22,471.22,0,33,0,34,0.0,37.54000000000002
P892,S68,1,478.69,7.46999999999997,0,1,0,0,478.69,478.69,0,34,0,35,0.0,45.00999999999999
P892,S68,1,479.08,0.38999999999998636,0,1,0,0,479.08,479.08,0,35,0,36,0.0,45.39999999999998
P892,S68,1,482.75,3.670000000000016,0,1,0,0,482.75,482.75,0,36,0,37,0.0,49.06999999999999
P892,S68,1,484.8,2.0500000000000114,0,1,0,0,484.8,484.8,0,37,0,38,0.0,51.120000000000005
P892,S68,1,485.13,0.3299999999999841,0,1,0,0,485.13,485.13,0,38,0,39,0.0,51.44999999999999
P892,S68,1,487.1,1.9700000000000273,0,1,0,0,487.1,487.1,0,39,0,40,0.0,53.420000000000016
P892,S68,1,487.47,0.37000000000000455,0,1,0,0,487.47,487.47,0,40,0,41,0.0,53.79000000000002
P892,S68,1,489.35,1.8799999999999955,0,1,0,0,489.35,489.35,0,41,0,42,0.0,55.670000000000016
P892,S68,1,489.65,0.2999999999999545,0,1,0,0,489.65,489.65,0,42,0,43,0.0,55.96999999999997
P892,S68,1,490.08,0.4300000000000068,0,1,0,0,490.08,490.08,0,43,0,44,0.0,56.39999999999998
P892,S68,1,500.05,9.970000000000027,0,1,0,0,500.05,500.05,0,44,0,45,0.0,66.37
P892,S68,1,502.71,2.659999999999968,0,1,0,0,502.71,502.71,0,45,0,46,0.0,69.02999999999997
P892,S68,1,504.27,1.5600000000000023,0,1,0,0,504.27,504.27,0,46,0,47,0.0,70.58999999999997
P892,S68,1,509.73,5.460000000000036,0,1,0,0,509.73,509.73,0,47,0,48,0.0,76.05000000000001
P892,S68,1,510.06,0.3299999999999841,0,1,0,0,510.06,510.06,0,48,0,49,0.0,76.38
P892,S68,1,515.95,5.890000000000043,0,1,0,0,515.95,515.95,0,49,0,50,0.0,82.27000000000004
P892,S68,1,525.08,9.129999999999995,0,1,0,0,525.08,525.08,0,50,0,51,0.0,91.40000000000003
P892,S68,1,525.49,0.40999999999996817,0,1,0,0,525.49,525.49,0,51,0,52,0.0,91.81
P892,S68,1,530.28,4.789999999999964,0,1,0,0,530.28,530.28,0,52,0,53,0.0,96.59999999999997
P892,S68,1,530.68,0.39999999999997726,0,1,0,0,530.68,530.68,0,53,0,54,0.0,96.99999999999994
P892,S68,1,533.72,3.0400000000000773,0,1,0,0,533.72,533.72,0,54,0,55,0.0,100.04000000000002
P892,S68,1,540.62,6.899999999999977,0,1,0,0,540.62,540.62,0,55,0,56,0.0,106.94
P892,S68,1,541.09,0.4700000000000273,0,1,0,0,541.09,541.09,0,56,0,57,0.0,107.41000000000003
P892,S68,1,548.86,7.769999999999982,0,1,0,0,548.86,548.86,0,57,0,58,0.0,115.18
P892,S68,1,551.85,2.990000000000009,0,1,0,0,551.85,551.85,0,58,0,59,0.0,118.17000000000002
P892,S68,1,553.2,1.3500000000000227,0,1,0,0,553.2,553.2,0,59,0,60,0.0,119.52000000000004
P892,S68,1,555.18,1.9799999999999045,0,1,0,0,555.18,555.18,0,60,0,61,0.0,121.49999999999994
P892,S68,1,556.61,1.4300000000000637,0,1,0,0,556.61,556.61,0,61,0,62,0.0,122.93
P892,S68,1,557.19,0.5800000000000409,0,1,0,0,557.19,557.19,0,62,0,63,0.0,123.51000000000005
P892,S68,1,557.54,0.34999999999990905,0,1,0,0,557.54,557.54,0,63,0,64,0.0,123.85999999999996
P892,S68,1,559.0,1.4600000000000364,0,1,0,0,559.0,559.0,0,64,0,65,0.0,125.32
P892,S68,1,559.35,0.35000000000002274,0,1,0,0,559.35,559.35,0,65,0,66,0.0,125.67000000000002
P892,S68,1,560.52,1.169999999999959,0,1,0,0,560.52,560.52,0,66,0,67,0.0,126.83999999999997
P892,S68,1,560.82,0.3000000000000682,0,1,0,0,560.82,560.82,0,67,0,68,0.0,127.14000000000004
P892,S68,1,561.04,0.2199999999999136,0,1,0,0,561.04,561.04,0,68,0,69,0.0,127.35999999999996
P892,S68,1,563.4,2.3600000000000136,0,1,0,0,563.4,563.4,0,69,0,70,0.0,129.71999999999997
P892,S68,1,563.75,0.35000000000002274,0,1,0,0,563.75,563.75,0,70,0,71,0.0,130.07
P892,S68,1,564.14,0.38999999999998636,0,1,0,0,564.14,564.14,0,71,0,72,0.0,130.45999999999998
P892,S68,1,569.14,5.0,0,1,0,0,569.14,569.14,0,72,0,73,0.0,135.45999999999998
P892,S68,1,569.48,0.34000000000003183,0,1,0,0,569.48,569.48,0,73,0,74,0.0,135.8
P892,S68,1,571.01,1.5299999999999727,0,1,0,0,571.01,571.01,0,74,0,75,0.0,137.32999999999998
P892,S68,1,577.12,6.110000000000014,0,1,0,0,577.12,577.12,0,75,0,76,0.0,143.44
P892,S68,1,577.75,0.6299999999999955,0,1,0,0,577.75,577.75,0,76,0,77,0.0,144.07
P892,S68,1,578.97,1.2200000000000273,0,1,0,0,578.97,578.97,0,77,0,78,0.0,145.29000000000002
P892,S68,1,579.13,0.15999999999996817,0,1,0,0,579.13,579.13,0,78,0,79,0.0,145.45
P892,S68,1,579.13,0.0,0,1,0,1,579.13,0.0,0,79,0,0,0.0,0.0
P892,S68,1,583.77,4.639999999999986,0,1,0,0,583.77,4.639999999999986,0,0,0,1,0.0,0.0
P892,S68,1,584.94,1.1700000000000728,0,1,0,0,584.94,5.810000000000059,0,1,0,2,0.0,1.1700000000000728
P892,S68,1,585.24,0.2999999999999545,0,1,0,0,585.24,6.110000000000014,0,2,0,3,0.0,1.4700000000000273
P892,S68,1,586.6,1.3600000000000136,0,1,0,0,586.6,7.470000000000027,0,3,0,4,0.0,2.830000000000041
P892,S68,1,586.95,0.35000000000002274,0,1,0,0,586.95,7.82000000000005,0,4,0,5,0.0,3.1800000000000637
P892,S68,1,587.4,0.4499999999999318,0,1,0,0,587.4,8.269999999999982,0,5,0,6,0.0,3.6299999999999955
P892,S68,1,587.81,0.40999999999996817,0,1,0,0,587.81,8.67999999999995,0,6,0,7,0.0,4.039999999999964
P892,S68,1,588.34,0.5300000000000864,0,1,0,0,588.34,9.210000000000036,0,7,0,8,0.0,4.57000000000005
P892,S68,1,588.73,0.38999999999998636,0,1,0,0,588.73,9.600000000000023,0,8,0,9,0.0,4.960000000000036
P892,S68,1,590.12,1.3899999999999864,0,1,0,0,590.12,10.990000000000009,0,9,0,10,0.0,6.350000000000023
P892,S68,1,590.46,0.34000000000003183,0,1,0,0,590.46,11.330000000000041,0,10,0,11,0.0,6.690000000000055
P892,S68,1,590.86,0.39999999999997726,0,1,0,0,590.86,11.730000000000018,0,11,0,12,0.0,7.090000000000032
P892,S68,1,591.27,0.40999999999996817,0,1,0,0,591.27,12.139999999999986,0,12,0,13,0.0,7.5
P892,S68,1,591.68,0.40999999999996817,0,1,0,0,591.68,12.549999999999955,0,13,0,14,0.0,7.909999999999968
P892,S68,1,593.49,1.8100000000000591,0,1,0,0,593.49,14.360000000000014,0,14,0,15,0.0,9.720000000000027
P892,S68,1,593.88,0.38999999999998636,0,1,0,0,593.88,14.75,0,15,0,16,0.0,10.110000000000014
P892,S68,1,594.58,0.7000000000000455,0,1,0,0,594.58,15.450000000000045,0,16,0,17,0.0,10.81000000000006
P892,S68,1,594.77,0.18999999999994088,0,1,0,0,594.77,15.639999999999986,0,17,0,18,0.0,11.0
P892,S68,1,596.14,1.3700000000000045,0,1,0,0,596.14,17.00999999999999,0,18,0,19,0.0,12.370000000000005
P892,S68,1,596.33,0.19000000000005457,0,1,0,0,596.33,17.200000000000045,0,19,0,20,0.0,12.56000000000006
P892,S68,1,596.68,0.34999999999990905,0,1,0,0,596.68,17.549999999999955,0,20,0,21,0.0,12.909999999999968
P892,S68,1,598.18,1.5,0,1,0,0,598.18,19.049999999999955,0,21,0,22,0.0,14.409999999999968
P892,S68,1,598.52,0.34000000000003183,0,1,0,0,598.52,19.389999999999986,0,22,0,23,0.0,14.75
P892,S68,1,599.72,1.2000000000000455,0,1,0,0,599.72,20.590000000000032,0,23,0,24,0.0,15.950000000000045
P892,S68,1,600.04,0.31999999999993634,0,1,0,0,600.04,20.909999999999968,0,24,0,25,0.0,16.269999999999982
P892,S68,1,601.33,1.2900000000000773,0,1,0,0,601.33,22.200000000000045,0,25,0,26,0.0,17.56000000000006
P892,S68,1,601.66,0.32999999999992724,0,1,0,0,601.66,22.529999999999973,0,26,0,27,0.0,17.889999999999986
P892,S68,1,602.84,1.1800000000000637,0,1,0,0,602.84,23.710000000000036,0,27,0,28,0.0,19.07000000000005
P892,S68,1,605.11,2.269999999999982,0,1,0,0,605.11,25.980000000000018,0,28,0,29,0.0,21.340000000000032
P892,S68,1,608.78,3.669999999999959,0,1,0,0,608.78,29.649999999999977,0,29,0,30,0.0,25.00999999999999
P892,S68,1,609.17,0.38999999999998636,0,1,0,0,609.17,30.039999999999964,0,30,0,31,0.0,25.399999999999977
P892,S68,1,609.57,0.40000000000009095,0,1,0,0,609.57,30.440000000000055,0,31,0,32,0.0,25.800000000000068
P892,S68,1,611.06,1.4899999999998954,0,1,0,0,611.06,31.92999999999995,0,32,0,33,0.0,27.289999999999964
P892,S68,1,611.46,0.40000000000009095,0,1,0,0,611.46,32.33000000000004,0,33,0,34,0.0,27.690000000000055
P892,S68,1,612.71,1.25,0,1,0,0,612.71,33.58000000000004,0,34,0,35,0.0,28.940000000000055
P892,S68,1,612.83,0.12000000000000455,0,1,0,0,612.83,33.700000000000045,0,35,0,36,0.0,29.06000000000006
P892,S68,1,613.49,0.6599999999999682,0,1,0,0,613.49,34.360000000000014,0,36,0,37,0.0,29.720000000000027
P892,S68,1,613.95,0.4600000000000364,0,1,0,0,613.95,34.82000000000005,0,37,0,38,0.0,30.180000000000064
P892,S68,1,615.16,1.2099999999999227,0,1,0,0,615.16,36.02999999999997,0,38,0,39,0.0,31.389999999999986
P892,S68,1,615.35,0.19000000000005457,0,1,0,0,615.35,36.22000000000003,0,39,0,40,0.0,31.58000000000004
P892,S68,1,615.72,0.37000000000000455,0,1,0,0,615.72,36.59000000000003,0,40,0,41,0.0,31.950000000000045
P892,S68,1,616.14,0.4199999999999591,0,1,0,0,616.14,37.00999999999999,0,41,0,42,0.0,32.370000000000005
P892,S68,1,617.61,1.4700000000000273,0,1,0,0,617.61,38.48000000000002,0,42,0,43,0.0,33.84000000000003
P892,S68,1,617.96,0.35000000000002274,0,1,0,0,617.96,38.83000000000004,0,43,0,44,0.0,34.190000000000055
P892,S68,1,619.51,1.5499999999999545,0,1,0,0,619.51,40.379999999999995,0,44,0,45,0.0,35.74000000000001
P892,S68,1,621.05,1.5399999999999636,0,1,0,0,621.05,41.91999999999996,0,45,0,46,0.0,37.27999999999997
P892,S68,1,621.45,0.40000000000009095,0,1,0,0,621.45,42.32000000000005,0,46,0,47,0.0,37.680000000000064
P892,S68,1,624.03,2.5799999999999272,0,1,0,0,624.03,44.89999999999998,0,47,0,48,0.0,40.25999999999999
P892,S68,1,624.38,0.35000000000002274,0,1,0,0,624.38,45.25,0,48,0,49,0.0,40.610000000000014
P892,S68,1,626.79,2.409999999999968,0,1,0,0,626.79,47.65999999999997,0,49,0,50,0.0,43.01999999999998
P892,S68,1,626.88,0.09000000000003183,0,1,0,0,626.88,47.75,0,50,0,51,0.0,43.110000000000014
P892,S68,1,629.48,2.6000000000000227,0,1,0,0,629.48,50.35000000000002,0,51,0,52,0.0,45.710000000000036
P892,S68,1,631.18,1.6999999999999318,0,1,0,0,631.18,52.049999999999955,0,52,0,53,0.0,47.40999999999997
P892,S68,1,631.55,0.37000000000000455,0,1,0,0,631.55,52.41999999999996,0,53,0,54,0.0,47.77999999999997
P892,S68,1,634.28,2.730000000000018,0,1,0,0,634.28,55.14999999999998,0,54,0,55,0.0,50.50999999999999
P892,S68,1,636.17,1.8899999999999864,0,1,0,0,636.17,57.039999999999964,0,55,0,56,0.0,52.39999999999998
P892,S68,1,636.59,0.42000000000007276,0,1,0,0,636.59,57.460000000000036,0,56,0,57,0.0,52.82000000000005
P892,S68,1,637.79,1.1999999999999318,0,1,0,0,637.79,58.65999999999997,0,57,0,58,0.0,54.01999999999998
P892,S68,1,639.41,1.6200000000000045,0,1,0,0,639.41,60.27999999999997,0,58,0,59,0.0,55.639999999999986
P892,S68,1,639.77,0.36000000000001364,0,1,0,0,639.77,60.639999999999986,0,59,0,60,0.0,56.0
P892,S68,1,640.14,0.37000000000000455,0,1,0,0,640.14,61.00999999999999,0,60,0,61,0.0,56.370000000000005
P892,S68,1,640.45,0.3100000000000591,0,1,0,0,640.45,61.32000000000005,0,61,0,62,0.0,56.680000000000064
P892,S68,1,642.16,1.7099999999999227,0,1,0,0,642.16,63.02999999999997,0,62,0,63,0.0,58.389999999999986
P892,S68,1,643.65,1.490000000000009,0,1,0,0,643.65,64.51999999999998,0,63,0,64,0.0,59.879999999999995
P892,S68,1,644.18,0.5299999999999727,0,1,0,0,644.18,65.04999999999995,0,64,0,65,0.0,60.40999999999997
P892,S68,1,645.54,1.3600000000000136,0,1,0,0,645.54,66.40999999999997,0,65,0,66,0.0,61.76999999999998
P892,S68,1,647.83,2.2900000000000773,0,1,0,0,647.83,68.70000000000005,0,66,0,67,0.0,64.06000000000006
P892,S68,1,649.71,1.8799999999999955,0,1,0,0,649.71,70.58000000000004,0,67,0,68,0.0,65.94000000000005
P892,S68,1,650.16,0.4499999999999318,0,1,0,0,650.16,71.02999999999997,0,68,0,69,0.0,66.38999999999999
P892,S68,1,651.77,1.6100000000000136,0,1,0,0,651.77,72.63999999999999,0,69,0,70,0.0,68.0
P892,S68,1,651.92,0.14999999999997726,0,1,0,0,651.92,72.78999999999996,0,70,0,71,0.0,68.14999999999998
P892,S68,1,652.3,0.37999999999999545,0,1,0,0,652.3,73.16999999999996,0,71,0,72,0.0,68.52999999999997
P892,S68,1,653.92,1.6200000000000045,0,1,0,0,653.92,74.78999999999996,0,72,0,73,0.0,70.14999999999998
P892,S68,1,653.92,0.0,0,1,0,1,653.92,0.0,0,73,0,0,0.0,0.0
P892,S68,1,658.45,4.530000000000086,0,1,0,0,658.45,4.530000000000086,0,0,0,1,0.0,0.0
P892,S68,1,659.46,1.009999999999991,0,1,0,0,659.46,5.540000000000077,0,1,0,2,0.0,1.009999999999991
P892,S68,1,660.92,1.4599999999999227,0,1,0,0,660.92,7.0,0,2,0,3,0.0,2.4699999999999136
P892,S68,1,661.05,0.12999999999999545,0,1,0,0,661.05,7.1299999999999955,0,3,0,4,0.0,2.599999999999909
P892,S68,1,661.68,0.6299999999999955,0,1,0,0,661.68,7.759999999999991,0,4,0,5,0.0,3.2299999999999045
P892,S68,1,662.78,1.1000000000000227,0,1,0,0,662.78,8.860000000000014,0,5,0,6,0.0,4.329999999999927
P892,S68,1,662.98,0.20000000000004547,0,1,0,0,662.98,9.06000000000006,0,6,0,7,0.0,4.529999999999973
P892,S68,1,663.37,0.38999999999998636,0,1,0,0,663.37,9.450000000000045,0,7,0,8,0.0,4.919999999999959
P892,S68,1,664.79,1.419999999999959,0,1,0,0,664.79,10.870000000000005,0,8,0,9,0.0,6.339999999999918
P892,S68,1,665.15,0.36000000000001364,0,1,0,0,665.15,11.230000000000018,0,9,0,10,0.0,6.699999999999932
P892,S68,1,666.75,1.6000000000000227,0,1,0,0,666.75,12.830000000000041,0,10,0,11,0.0,8.299999999999955
P892,S68,1,667.89,1.1399999999999864,0,1,0,0,667.89,13.970000000000027,0,11,0,12,0.0,9.43999999999994
P892,S68,1,668.21,0.32000000000005,0,1,0,0,668.21,14.290000000000077,0,12,0,13,0.0,9.759999999999991
P892,S68,1,669.85,1.6399999999999864,0,1,0,0,669.85,15.930000000000064,0,13,0,14,0.0,11.399999999999977
P892,S68,1,670.24,0.38999999999998636,0,1,0,0,670.24,16.32000000000005,0,14,0,15,0.0,11.789999999999964
P892,S68,1,670.64,0.39999999999997726,0,1,0,0,670.64,16.720000000000027,0,15,0,16,0.0,12.18999999999994
P892,S68,1,672.0,1.3600000000000136,0,1,0,0,672.0,18.08000000000004,0,16,0,17,0.0,13.549999999999955
P892,S68,1,672.17,0.16999999999995907,0,1,0,0,672.17,18.25,0,17,0,18,0.0,13.719999999999914
P892,S68,1,672.58,0.41000000000008185,0,1,0,0,672.58,18.660000000000082,0,18,0,19,0.0,14.129999999999995
P892,S68,1,673.79,1.2099999999999227,0,1,0,0,673.79,19.870000000000005,0,19,0,20,0.0,15.339999999999918
P892,S68,1,674.14,0.35000000000002274,0,1,0,0,674.14,20.220000000000027,0,20,0,21,0.0,15.68999999999994
P892,S68,1,675.78,1.6399999999999864,0,1,0,0,675.78,21.860000000000014,0,21,0,22,0.0,17.329999999999927
P892,S68,1,676.13,0.35000000000002274,0,1,0,0,676.13,22.210000000000036,0,22,0,23,0.0,17.67999999999995
P892,S68,1,677.24,1.1100000000000136,0,1,0,0,677.24,23.32000000000005,0,23,0,24,0.0,18.789999999999964
P892,S68,1,677.58,0.34000000000003183,0,1,0,0,677.58,23.660000000000082,0,24,0,25,0.0,19.129999999999995
P892,S68,1,679.19,1.6100000000000136,0,1,0,0,679.19,25.270000000000095,0,25,0,26,0.0,20.74000000000001
P892,S68,1,679.52,0.32999999999992724,0,1,0,0,679.52,25.600000000000023,0,26,0,27,0.0,21.069999999999936
P892,S68,1,679.9,0.37999999999999545,0,1,0,0,679.9,25.980000000000018,0,27,0,28,0.0,21.449999999999932
P892,S68,1,680.4,0.5,0,1,0,0,680.4,26.480000000000018,0,28,0,29,0.0,21.949999999999932
P892,S68,1,681.69,1.2900000000000773,0,1,0,0,681.69,27.770000000000095,0,29,0,30,0.0,23.24000000000001
P892,S68,1,681.89,0.1999999999999318,0,1,0,0,681.89,27.970000000000027,0,30,0,31,0.0,23.43999999999994
P892,S68,1,682.55,0.6599999999999682,0,1,0,0,682.55,28.629999999999995,0,31,0,32,0.0,24.09999999999991
P892,S68,1,683.76,1.2100000000000364,0,1,0,0,683.76,29.840000000000032,0,32,0,33,0.0,25.309999999999945
P892,S68,1,685.38,1.6200000000000045,0,1,0,0,685.38,31.460000000000036,0,33,0,34,0.0,26.92999999999995
P892,S68,1,685.79,0.40999999999996817,0,1,0,0,685.79,31.870000000000005,0,34,0,35,0.0,27.339999999999918
P892,S68,1,687.81,2.019999999999982,0,1,0,0,687.81,33.889999999999986,0,35,0,36,0.0,29.3599999999999
P892,S68,1,688.18,0.37000000000000455,0,1,0,0,688.18,34.25999999999999,0,36,0,37,0.0,29.729999999999905
P892,S68,1,689.47,1.2900000000000773,0,1,0,0,689.47,35.55000000000007,0,37,0,38,0.0,31.019999999999982
P892,S68,1,689.91,0.4399999999999409,0,1,0,0,689.91,35.99000000000001,0,38,0,39,0.0,31.459999999999923
P892,S68,1,691.72,1.8100000000000591,0,1,0,0,691.72,37.80000000000007,0,39,0,40,0.0,33.26999999999998
P892,S68,1,693.34,1.6200000000000045,0,1,0,0,693.34,39.42000000000007,0,40,0,41,0.0,34.889999999999986
P892,S68,1,693.74,0.39999999999997726,0,1,0,0,693.74,39.82000000000005,0,41,0,42,0.0,35.289999999999964
P892,S68,1,695.02,1.2799999999999727,0,1,0,0,695.02,41.10000000000002,0,42,0,43,0.0,36.569999999999936
P892,S68,1,695.51,0.4900000000000091,0,1,0,0,695.51,41.59000000000003,0,43,0,44,0.0,37.059999999999945
P892,S68,1,698.81,3.2999999999999545,0,1,0,0,698.81,44.889999999999986,0,44,0,45,0.0,40.3599999999999
P892,S68,1,699.14,0.3300000000000409,0,1,0,0,699.14,45.22000000000003,0,45,0,46,0.0,40.68999999999994
P892,S68,1,700.3,1.1599999999999682,0,1,0,0,700.3,46.379999999999995,0,46,0,47,0.0,41.84999999999991
P892,S68,1,700.47,0.17000000000007276,0,1,0,0,700.47,46.55000000000007,0,47,0,48,0.0,42.01999999999998
P892,S68,1,702.9,2.42999999999995,0,1,0,0,702.9,48.98000000000002,0,48,0,49,0.0,44.44999999999993
P892,S68,1,704.2,1.3000000000000682,0,1,0,0,704.2,50.280000000000086,0,49,0,50,0.0,45.75
P892,S68,1,704.2,0.0,0,1,0,1,704.2,0.0,0,50,0,0,0.0,0.0
P892,S68,1,708.75,4.5499999999999545,0,1,0,0,708.75,4.5499999999999545,0,0,0,1,0.0,0.0
P892,S68,1,709.99,1.240000000000009,0,1,0,0,709.99,5.789999999999964,0,1,0,2,0.0,1.240000000000009
P892,S68,1,710.31,0.31999999999993634,0,1,0,0,710.31,6.1099999999999,0,2,0,3,0.0,1.5599999999999454
P892,S68,1,710.73,0.42000000000007276,0,1,0,0,710.73,6.529999999999973,0,3,0,4,0.0,1.9800000000000182
P892,S68,1,712.42,1.6899999999999409,0,1,0,0,712.42,8.219999999999914,0,4,0,5,0.0,3.669999999999959
P892,S68,1,713.63,1.2100000000000364,0,1,0,0,713.63,9.42999999999995,0,5,0,6,0.0,4.8799999999999955
P892,S68,1,713.97,0.34000000000003183,0,1,0,0,713.97,9.769999999999982,0,6,0,7,0.0,5.220000000000027
P892,S68,1,715.13,1.1599999999999682,0,1,0,0,715.13,10.92999999999995,0,7,0,8,0.0,6.3799999999999955
P892,S68,1,715.43,0.2999999999999545,0,1,0,0,715.43,11.229999999999905,0,8,0,9,0.0,6.67999999999995
P892,S68,1,715.88,0.4500000000000455,0,1,0,0,715.88,11.67999999999995,0,9,0,10,0.0,7.1299999999999955
P892,S68,1,717.25,1.3700000000000045,0,1,0,0,717.25,13.049999999999955,0,10,0,11,0.0,8.5
P892,S68,1,717.66,0.40999999999996817,0,1,0,0,717.66,13.459999999999923,0,11,0,12,0.0,8.909999999999968
P892,S68,1,718.84,1.1800000000000637,0,1,0,0,718.84,14.639999999999986,0,12,0,13,0.0,10.090000000000032
P892,S68,1,719.25,0.40999999999996817,0,1,0,0,719.25,15.049999999999955,0,13,0,14,0.0,10.5
P892,S68,1,719.78,0.5299999999999727,0,1,0,0,719.78,15.579999999999927,0,14,0,15,0.0,11.029999999999973
P892,S68,1,720.15,0.37000000000000455,0,1,0,0,720.15,15.949999999999932,0,15,0,16,0.0,11.399999999999977
P892,S68,1,721.49,1.3400000000000318,0,1,0,0,721.49,17.289999999999964,0,16,0,17,0.0,12.740000000000009
P892,S68,1,721.8,0.30999999999994543,0,1,0,0,721.8,17.59999999999991,0,17,0,18,0.0,13.049999999999955
P892,S68,1,723.48,1.6800000000000637,0,1,0,0,723.48,19.279999999999973,0,18,0,19,0.0,14.730000000000018
P892,S68,1,725.11,1.6299999999999955,0,1,0,0,725.11,20.909999999999968,0,19,0,20,0.0,16.360000000000014
P892,S68,1,725.63,0.5199999999999818,0,1,0,0,725.63,21.42999999999995,0,20,0,21,0.0,16.879999999999995
P892,S68,1,727.37,1.740000000000009,0,1,0,0,727.37,23.16999999999996,0,21,0,22,0.0,18.620000000000005
P892,S68,1,728.73,1.3600000000000136,0,1,0,0,728.73,24.529999999999973,0,22,0,23,0.0,19.980000000000018
P892,S68,1,729.03,0.2999999999999545,0,1,0,0,729.03,24.829999999999927,0,23,0,24,0.0,20.279999999999973
P892,S68,1,730.49,1.4600000000000364,0,1,0,0,730.49,26.289999999999964,0,24,0,25,0.0,21.74000000000001
P892,S68,1,732.58,2.090000000000032,0,1,0,0,732.58,28.379999999999995,0,25,0,26,0.0,23.83000000000004
P892,S68,1,733.18,0.599999999999909,0,1,0,0,733.18,28.979999999999905,0,26,0,27,0.0,24.42999999999995
P892,S68,1,733.9,0.7200000000000273,0,1,0,0,733.9,29.699999999999932,0,27,0,28,0.0,25.149999999999977
P892,S68,1,734.36,0.4600000000000364,0,1,0,0,734.36,30.159999999999968,0,28,0,29,0.0,25.610000000000014
P892,S68,1,734.74,0.37999999999999545,0,1,0,0,734.74,30.539999999999964,0,29,0,30,0.0,25.99000000000001
P892,S68,1,739.54,4.7999999999999545,0,1,0,0,739.54,35.33999999999992,0,30,0,31,0.0,30.789999999999964
P892,S68,1,741.86,2.32000000000005,0,1,0,0,741.86,37.65999999999997,0,31,0,32,0.0,33.110000000000014
P892,S68,1,742.3,0.4399999999999409,0,1,0,0,742.3,38.09999999999991,0,32,0,33,0.0,33.549999999999955
P892,S68,1,743.82,1.5200000000000955,0,1,0,0,743.82,39.620000000000005,0,33,0,34,0.0,35.07000000000005
P892,S68,1,745.54,1.7199999999999136,0,1,0,0,745.54,41.33999999999992,0,34,0,35,0.0,36.789999999999964
P892,S68,1,747.75,2.2100000000000364,0,1,0,0,747.75,43.549999999999955,0,35,0,36,0.0,39.0
P892,S68,1,748.11,0.36000000000001364,0,1,0,0,748.11,43.90999999999997,0,36,0,37,0.0,39.360000000000014
P892,S68,1,749.68,1.5699999999999363,0,1,0,0,749.68,45.479999999999905,0,37,0,38,0.0,40.92999999999995
P892,S68,1,750.0,0.32000000000005,0,1,0,0,750.0,45.799999999999955,0,38,0,39,0.0,41.25
P892,S68,1,751.5,1.5,0,1,0,0,751.5,47.299999999999955,0,39,0,40,0.0,42.75
P892,S68,1,753.39,1.8899999999999864,0,1,0,0,753.39,49.18999999999994,0,40,0,41,0.0,44.639999999999986
P892,S68,1,753.75,0.36000000000001364,0,1,0,0,753.75,49.549999999999955,0,41,0,42,0.0,45.0
P892,S68,1,755.21,1.4600000000000364,0,1,0,0,755.21,51.00999999999999,0,42,0,43,0.0,46.460000000000036
P892,S68,1,755.65,0.4399999999999409,0,1,0,0,755.65,51.44999999999993,0,43,0,44,0.0,46.89999999999998
P892,S68,1,756.3,0.6499999999999773,0,1,0,0,756.3,52.09999999999991,0,44,0,45,0.0,47.549999999999955
P892,S68,1,758.13,1.830000000000041,0,1,0,0,758.13,53.92999999999995,0,45,0,46,0.0,49.379999999999995
P892,S68,1,758.47,0.34000000000003183,0,1,0,0,758.47,54.26999999999998,0,46,0,47,0.0,49.72000000000003
P892,S68,1,760.28,1.8099999999999454,0,1,0,0,760.28,56.07999999999993,0,47,0,48,0.0,51.52999999999997
P892,S68,1,760.7,0.42000000000007276,0,1,0,0,760.7,56.5,0,48,0,49,0.0,51.950000000000045
P892,S68,1,762.21,1.509999999999991,0,1,0,0,762.21,58.00999999999999,0,49,0,50,0.0,53.460000000000036
P892,S68,1,762.62,0.40999999999996817,0,1,0,0,762.62,58.41999999999996,0,50,0,51,0.0,53.870000000000005
P892,S68,1,764.13,1.509999999999991,0,1,0,0,764.13,59.92999999999995,0,51,0,52,0.0,55.379999999999995
P892,S68,1,764.51,0.37999999999999545,0,1,0,0,764.51,60.309999999999945,0,52,0,53,0.0,55.75999999999999
P892,S68,1,764.89,0.37999999999999545,0,1,0,0,764.89,60.68999999999994,0,53,0,54,0.0,56.139999999999986
P892,S68,1,767.18,2.2899999999999636,0,1,0,0,767.18,62.979999999999905,0,54,0,55,0.0,58.42999999999995
P892,S68,1,768.05,0.8700000000000045,0,1,0,0,768.05,63.84999999999991,0,55,0,56,0.0,59.299999999999955
P892,S68,1,770.44,2.3900000000001,0,1,0,0,770.44,66.24000000000001,0,56,0,57,0.0,61.690000000000055
P892,S68,1,770.78,0.33999999999991815,0,1,0,0,770.78,66.57999999999993,0,57,0,58,0.0,62.02999999999997
P892,S68,1,772.18,1.3999999999999773,0,1,0,0,772.18,67.9799999999999,0,58,0,59,0.0,63.42999999999995
P892,S68,1,772.52,0.34000000000003183,0,1,0,0,772.52,68.31999999999994,0,59,0,60,0.0,63.76999999999998
P892,S68,1,774.12,1.6000000000000227,0,1,0,0,774.12,69.91999999999996,0,60,0,61,0.0,65.37
P892,S68,1,774.45,0.3300000000000409,0,1,0,0,774.45,70.25,0,61,0,62,0.0,65.70000000000005
P892,S68,1,774.82,0.37000000000000455,0,1,0,0,774.82,70.62,0,62,0,63,0.0,66.07000000000005
P892,S68,1,776.27,1.4499999999999318,0,1,0,0,776.27,72.06999999999994,0,63,0,64,0.0,67.51999999999998
P892,S68,1,776.84,0.57000000000005,0,1,0,0,776.84,72.63999999999999,0,64,0,65,0.0,68.09000000000003
P892,S68,1,778.45,1.6100000000000136,0,1,0,0,778.45,74.25,0,65,0,66,0.0,69.70000000000005
P892,S68,1,778.86,0.40999999999996817,0,1,0,0,778.86,74.65999999999997,0,66,0,67,0.0,70.11000000000001
P892,S68,1,780.89,2.0299999999999727,0,1,0,0,780.89,76.68999999999994,0,67,0,68,0.0,72.13999999999999
P892,S68,1,781.23,0.34000000000003183,0,1,0,0,781.23,77.02999999999997,0,68,0,69,0.0,72.48000000000002
P892,S68,1,783.41,2.17999999999995,0,1,0,0,783.41,79.20999999999992,0,69,0,70,0.0,74.65999999999997
P892,S68,1,783.81,0.39999999999997726,0,1,0,0,783.81,79.6099999999999,0,70,0,71,0.0,75.05999999999995
P892,S68,1,784.4,0.5900000000000318,0,1,0,0,784.4,80.19999999999993,0,71,0,72,0.0,75.64999999999998
P892,S68,1,787.66,3.259999999999991,0,1,0,0,787.66,83.45999999999992,0,72,0,73,0.0,78.90999999999997
P892,S68,1,788.03,0.37000000000000455,0,1,0,0,788.03,83.82999999999993,0,73,0,74,0.0,79.27999999999997
P892,S68,1,789.97,1.9400000000000546,0,1,0,0,789.97,85.76999999999998,0,74,0,75,0.0,81.22000000000003
P892,S68,1,790.14,0.16999999999995907,0,1,0,0,790.14,85.93999999999994,0,75,0,76,0.0,81.38999999999999
P892,S68,1,790.52,0.37999999999999545,0,1,0,0,790.52,86.31999999999994,0,76,0,77,0.0,81.76999999999998
P892,S68,1,792.44,1.9200000000000728,0,1,0,0,792.44,88.24000000000001,0,77,0,78,0.0,83.69000000000005
P892,S68,1,792.76,0.31999999999993634,0,1,0,0,792.76,88.55999999999995,0,78,0,79,0.0,84.00999999999999
P892,S68,1,795.95,3.1900000000000546,0,1,0,0,795.95,91.75,0,79,0,80,0.0,87.20000000000005
P892,S68,1,796.67,0.7199999999999136,0,1,0,0,796.67,92.46999999999991,0,80,0,81,0.0,87.91999999999996
P892,S68,1,797.08,0.41000000000008185,0,1,0,0,797.08,92.88,0,81,0,82,0.0,88.33000000000004
P892,S68,1,800.35,3.269999999999982,0,1,0,0,800.35,96.14999999999998,0,82,0,83,0.0,91.60000000000002
P892,S68,1,801.13,0.7799999999999727,0,1,0,0,801.13,96.92999999999995,0,83,0,84,0.0,92.38
P892,S68,1,802.86,1.7300000000000182,0,1,0,0,802.86,98.65999999999997,0,84,0,85,0.0,94.11000000000001
P892,S68,1,803.16,0.2999999999999545,0,1,0,0,803.16,98.95999999999992,0,85,0,86,0.0,94.40999999999997
P892,S68,1,804.57,1.4100000000000819,0,1,0,0,804.57,100.37,0,86,0,87,0.0,95.82000000000005
P892,S68,1,804.93,0.35999999999989996,0,1,0,0,804.93,100.7299999999999,0,87,0,88,0.0,96.17999999999995
P892,S68,1,806.32,1.3900000000001,0,1,0,0,806.32,102.12,0,88,0,89,0.0,97.57000000000005
P892,S68,1,808.13,1.8099999999999454,0,1,0,0,808.13,103.92999999999995,0,89,0,90,0.0,99.38
P892,S68,1,808.54,0.40999999999996817,0,1,0,0,808.54,104.33999999999992,0,90,0,91,0.0,99.78999999999996
P892,S68,1,808.85,0.3100000000000591,0,1,0,0,808.85,104.64999999999998,0,91,0,92,0.0,100.10000000000002
P892,S68,1,809.24,0.38999999999998636,0,1,0,0,809.24,105.03999999999996,0,92,0,93,0.0,100.49000000000001
P892,S68,1,810.94,1.7000000000000455,0,1,0,0,810.94,106.74000000000001,0,93,0,94,0.0,102.19000000000005
P892,S68,1,811.42,0.4799999999999045,0,1,0,0,811.42,107.21999999999991,0,94,0,95,0.0,102.66999999999996
P892,S68,1,814.9,3.480000000000018,0,1,0,0,814.9,110.69999999999993,0,95,0,96,0.0,106.14999999999998
P892,S68,1,815.27,0.37000000000000455,0,1,0,0,815.27,111.06999999999994,0,96,0,97,0.0,106.51999999999998
P892,S68,1,816.43,1.1599999999999682,0,1,0,0,816.43,112.2299999999999,0,97,0,98,0.0,107.67999999999995
P892,S68,1,816.73,0.3000000000000682,0,1,0,0,816.73,112.52999999999997,0,98,0,99,0.0,107.98000000000002
P892,S68,1,817.08,0.35000000000002274,0,1,0,0,817.08,112.88,0,99,0,100,0.0,108.33000000000004
P892,S68,1,818.54,1.4599999999999227,0,1,0,0,818.54,114.33999999999992,0,100,0,101,0.0,109.78999999999996
P892,S68,1,818.85,0.3100000000000591,0,1,0,0,818.85,114.64999999999998,0,101,0,102,0.0,110.10000000000002
P892,S68,1,820.1,1.25,0,1,0,0,820.1,115.89999999999998,0,102,0,103,0.0,111.35000000000002
P892,S68,1,820.43,0.32999999999992724,0,1,0,0,820.43,116.2299999999999,0,103,0,104,0.0,111.67999999999995
P892,S68,1,826.01,5.580000000000041,0,1,0,0,826.01,121.80999999999995,0,104,0,105,0.0,117.25999999999999
P892,S68,1,826.35,0.34000000000003183,0,1,0,0,826.35,122.14999999999998,0,105,0,106,0.0,117.60000000000002
P892,S68,1,828.02,1.669999999999959,0,1,0,0,828.02,123.81999999999994,0,106,0,107,0.0,119.26999999999998
P892,S68,1,828.34,0.32000000000005,0,1,0,0,828.34,124.13999999999999,0,107,0,108,0.0,119.59000000000003
P892,S68,1,829.69,1.3500000000000227,0,1,0,0,829.69,125.49000000000001,0,108,0,109,0.0,120.94000000000005
P892,S68,1,830.27,0.5799999999999272,0,1,0,0,830.27,126.06999999999994,0,109,0,110,0.0,121.51999999999998
P892,S68,1,830.65,0.37999999999999545,0,1,0,0,830.65,126.44999999999993,0,110,0,111,0.0,121.89999999999998
P892,S68,1,831.87,1.2200000000000273,0,1,0,0,831.87,127.66999999999996,0,111,0,112,0.0,123.12
P892,S68,1,832.2,0.3300000000000409,0,1,0,0,832.2,128.0,0,112,0,113,0.0,123.45000000000005
P892,S68,1,833.72,1.5199999999999818,0,1,0,0,833.72,129.51999999999998,0,113,0,114,0.0,124.97000000000003
P892,S68,1,834.07,0.35000000000002274,0,1,0,0,834.07,129.87,0,114,0,115,0.0,125.32000000000005
P892,S68,1,835.3,1.2299999999999045,0,1,0,0,835.3,131.0999999999999,0,115,0,116,0.0,126.54999999999995
P892,S68,1,839.09,3.7900000000000773,0,1,0,0,839.09,134.89,0,116,0,117,0.0,130.34000000000003
P892,S68,1,839.51,0.4199999999999591,0,1,0,0,839.51,135.30999999999995,0,117,0,118,0.0,130.76
P892,S68,1,840.35,0.8400000000000318,0,1,0,0,840.35,136.14999999999998,0,118,0,119,0.0,131.60000000000002
P892,S68,1,843.31,2.9599999999999227,0,1,0,0,843.31,139.1099999999999,0,119,0,120,0.0,134.55999999999995
P892,S68,1,843.59,0.2800000000000864,0,1,0,0,843.59,139.39,0,120,0,121,0.0,134.84000000000003
P892,S68,1,845.44,1.8500000000000227,0,1,0,0,845.44,141.24,0,121,0,122,0.0,136.69000000000005
P892,S68,1,845.78,0.33999999999991815,0,1,0,0,845.78,141.57999999999993,0,122,0,123,0.0,137.02999999999997
P892,S68,1,850.02,4.240000000000009,0,1,0,0,850.02,145.81999999999994,0,123,0,124,0.0,141.26999999999998
P892,S68,1,852.65,2.6299999999999955,0,1,0,0,852.65,148.44999999999993,0,124,0,125,0.0,143.89999999999998
P892,S68,1,853.0,0.35000000000002274,0,1,0,0,853.0,148.79999999999995,0,125,0,126,0.0,144.25
P892,S68,1,853.34,0.34000000000003183,0,1,0,0,853.34,149.14,0,126,0,127,0.0,144.59000000000003
P892,S68,1,853.73,0.38999999999998636,0,1,0,0,853.73,149.52999999999997,0,127,0,128,0.0,144.98000000000002
P892,S68,1,862.47,8.740000000000009,0,1,0,0,862.47,158.26999999999998,0,128,0,129,0.0,153.72000000000003
P892,S68,1,863.26,0.7899999999999636,0,1,0,0,863.26,159.05999999999995,0,129,0,130,0.0,154.51
P892,S68,1,865.1,1.8400000000000318,0,1,0,0,865.1,160.89999999999998,0,130,0,131,0.0,156.35000000000002
P892,S68,1,865.46,0.36000000000001364,0,1,0,0,865.46,161.26,0,131,0,132,0.0,156.71000000000004
P892,S68,1,867.03,1.5699999999999363,0,1,0,0,867.03,162.82999999999993,0,132,0,133,0.0,158.27999999999997
P892,S68,1,867.39,0.36000000000001364,0,1,0,0,867.39,163.18999999999994,0,133,0,134,0.0,158.64
P892,S68,1,869.04,1.6499999999999773,0,1,0,0,869.04,164.83999999999992,0,134,0,135,0.0,160.28999999999996
P892,S68,1,869.58,0.5400000000000773,0,1,0,0,869.58,165.38,0,135,0,136,0.0,160.83000000000004
P892,S68,1,869.93,0.34999999999990905,0,1,0,0,869.93,165.7299999999999,0,136,0,137,0.0,161.17999999999995
P892,S68,1,870.34,0.41000000000008185,0,1,0,0,870.34,166.14,0,137,0,138,0.0,161.59000000000003
P892,S68,1,873.46,3.1200000000000045,0,1,0,0,873.46,169.26,0,138,0,139,0.0,164.71000000000004
P892,S68,1,873.83,0.37000000000000455,0,1,0,0,873.83,169.63,0,139,0,140,0.0,165.08000000000004
P892,S68,1,876.96,3.1299999999999955,0,1,0,0,876.96,172.76,0,140,0,141,0.0,168.21000000000004
P892,S68,1,877.35,0.38999999999998636,0,1,0,0,877.35,173.14999999999998,0,141,0,142,0.0,168.60000000000002
P892,S68,1,878.07,0.7200000000000273,0,1,0,0,878.07,173.87,0,142,0,143,0.0,169.32000000000005
P892,S68,1,880.0,1.92999999999995,0,1,0,0,880.0,175.79999999999995,0,143,0,144,0.0,171.25
P892,S68,1,880.33,0.3300000000000409,0,1,0,0,880.33,176.13,0,144,0,145,0.0,171.58000000000004
P892,S68,1,881.22,0.8899999999999864,0,1,0,0,881.22,177.01999999999998,0,145,0,146,0.0,172.47000000000003
P892,S68,1,881.56,0.33999999999991815,0,1,0,0,881.56,177.3599999999999,0,146,0,147,0.0,172.80999999999995
P892,S68,1,884.05,2.490000000000009,0,1,0,0,884.05,179.8499999999999,0,147,0,148,0.0,175.29999999999995
P892,S68,1,884.43,0.37999999999999545,0,1,0,0,884.43,180.2299999999999,0,148,0,149,0.0,175.67999999999995
P892,S68,1,885.24,0.8100000000000591,0,1,0,0,885.24,181.03999999999996,0,149,0,150,0.0,176.49
P892,S68,1,887.43,2.189999999999941,0,1,0,0,887.43,183.2299999999999,0,150,0,151,0.0,178.67999999999995
P892,S68,1,891.05,3.6200000000000045,0,1,0,0,891.05,186.8499999999999,0,151,0,152,0.0,182.29999999999995
P892,S68,1,891.45,0.40000000000009095,0,1,0,0,891.45,187.25,0,152,0,153,0.0,182.70000000000005
P892,S68,1,893.22,1.7699999999999818,0,1,0,0,893.22,189.01999999999998,0,153,0,154,0.0,184.47000000000003
P892,S68,1,894.99,1.7699999999999818,0,1,0,0,894.99,190.78999999999996,0,154,0,155,0.0,186.24
P892,S68,1,895.33,0.34000000000003183,0,1,0,0,895.33,191.13,0,155,0,156,0.0,186.58000000000004
P892,S68,1,901.56,6.2299999999999045,0,1,0,0,901.56,197.3599999999999,0,156,0,157,0.0,192.80999999999995
P892,S68,1,902.37,0.8100000000000591,0,1,0,0,902.37,198.16999999999996,0,157,0,158,0.0,193.62
P892,S68,1,903.15,0.7799999999999727,0,1,0,0,903.15,198.94999999999993,0,158,0,159,0.0,194.39999999999998
P892,S68,1,903.51,0.36000000000001364,0,1,0,0,903.51,199.30999999999995,0,159,0,160,0.0,194.76
P892,S68,1,905.95,2.4400000000000546,0,1,0,0,905.95,201.75,0,160,0,161,0.0,197.20000000000005
P892,S68,1,909.44,3.490000000000009,1,0,0,0,909.44,205.24,0,0,1,161,0.0,0.0
P892,S68,1,909.44,0.0,1,0,1,0,0.0,205.24,1,0,0,161,0.0,0.0
P892,S68,1,913.76,4.319999999999936,1,0,0,0,4.319999999999936,209.55999999999995,0,0,1,161,0.0,0.0
P892,S68,1,914.16,0.39999999999997726,1,0,0,0,4.719999999999914,209.95999999999992,1,0,2,161,0.39999999999997726,0.0
P892,S68,1,914.54,0.37999999999999545,1,0,0,0,5.099999999999909,210.33999999999992,2,0,3,161,0.7799999999999727,0.0
P892,S68,1,915.63,1.0900000000000318,1,0,0,0,6.189999999999941,211.42999999999995,3,0,4,161,1.8700000000000045,0.0
P892,S68,1,916.05,0.4199999999999591,1,0,0,0,6.6099999999999,211.8499999999999,4,0,5,161,2.2899999999999636,0.0
P892,S68,1,916.05,0.0,1,0,1,0,0.0,211.8499999999999,5,0,0,161,0.0,0.0
P892,S68,1,920.86,4.810000000000059,1,0,0,0,4.810000000000059,216.65999999999997,0,0,1,161,0.0,0.0
P892,S68,1,921.21,0.35000000000002274,1,0,0,0,5.160000000000082,217.01,1,0,2,161,0.35000000000002274,0.0
P892,S68,1,921.64,0.42999999999995,1,0,0,0,5.590000000000032,217.43999999999994,2,0,3,161,0.7799999999999727,0.0
P892,S68,1,923.01,1.3700000000000045,1,0,0,0,6.960000000000036,218.80999999999995,3,0,4,161,2.1499999999999773,0.0
P892,S68,1,923.38,0.37000000000000455,1,0,0,0,7.330000000000041,219.17999999999995,4,0,5,161,2.519999999999982,0.0
P892,S68,1,924.41,1.0299999999999727,1,0,0,0,8.360000000000014,220.20999999999992,5,0,6,161,3.5499999999999545,0.0
P892,S68,1,924.88,0.4700000000000273,1,0,0,0,8.830000000000041,220.67999999999995,6,0,7,161,4.019999999999982,0.0
P892,S68,1,925.73,0.8500000000000227,1,0,0,0,9.680000000000064,221.52999999999997,7,0,8,161,4.8700000000000045,0.0
P892,S68,1,926.04,0.30999999999994543,1,0,0,0,9.990000000000009,221.83999999999992,8,0,9,161,5.17999999999995,0.0
P892,S68,1,926.47,0.43000000000006366,1,0,0,0,10.420000000000073,222.26999999999998,9,0,10,161,5.610000000000014,0.0
P892,S68,1,927.36,0.8899999999999864,1,0,0,0,11.31000000000006,223.15999999999997,10,0,11,161,6.5,0.0
P892,S68,1,927.71,0.35000000000002274,1,0,0,0,11.660000000000082,223.51,11,0,12,161,6.850000000000023,0.0
P892,S68,1,928.36,0.6499999999999773,1,0,0,0,12.31000000000006,224.15999999999997,12,0,13,161,7.5,0.0
P892,S68,1,928.84,0.4800000000000182,1,0,0,0,12.790000000000077,224.64,13,0,14,161,7.980000000000018,0.0
P892,S68,1,928.84,0.0,1,0,1,0,0.0,224.64,14,0,0,161,0.0,0.0
P892,S68,1,933.06,4.219999999999914,1,0,0,0,4.219999999999914,228.8599999999999,0,0,1,161,0.0,0.0
P892,S68,1,933.39,0.3300000000000409,1,0,0,0,4.5499999999999545,229.18999999999994,1,0,2,161,0.3300000000000409,0.0
P892,S68,1,933.92,0.5299999999999727,1,0,0,0,5.079999999999927,229.7199999999999,2,0,3,161,0.8600000000000136,0.0
P892,S68,1,934.43,0.5099999999999909,1,0,0,0,5.589999999999918,230.2299999999999,3,0,4,161,1.3700000000000045,0.0
P892,S68,1,934.43,0.0,1,0,1,0,0.0,230.2299999999999,4,0,0,161,0.0,0.0
P892,S68,1,938.96,4.530000000000086,1,0,0,0,4.530000000000086,234.76,0,0,1,161,0.0,0.0
P892,S68,1,938.96,0.0,1,0,1,0,0.0,234.76,1,0,0,161,0.0,0.0
P892,S68,1,943.42,4.459999999999923,1,0,0,0,4.459999999999923,239.2199999999999,0,0,1,161,0.0,0.0
P892,S68,1,943.86,0.44000000000005457,1,0,0,0,4.899999999999977,239.65999999999997,1,0,2,161,0.44000000000005457,0.0
P892,S68,1,944.29,0.42999999999995,1,0,0,0,5.329999999999927,240.08999999999992,2,0,3,161,0.8700000000000045,0.0
P892,S68,1,945.45,1.1600000000000819,1,0,0,0,6.490000000000009,241.25,3,0,4,161,2.0300000000000864,0.0
P892,S68,1,945.82,0.37000000000000455,1,0,0,0,6.860000000000014,241.62,4,0,5,161,2.400000000000091,0.0
P892,S68,1,946.19,0.37000000000000455,1,0,0,0,7.230000000000018,241.99,5,0,6,161,2.7700000000000955,0.0
P892,S68,1,946.64,0.4499999999999318,1,0,0,0,7.67999999999995,242.43999999999994,6,0,7,161,3.2200000000000273,0.0
P892,S68,1,947.05,0.40999999999996817,1,0,0,0,8.089999999999918,242.8499999999999,7,0,8,161,3.6299999999999955,0.0
P892,S68,1,947.42,0.37000000000000455,1,0,0,0,8.459999999999923,243.2199999999999,8,0,9,161,4.0,0.0
P892,S68,1,947.81,0.38999999999998636,1,0,0,0,8.849999999999909,243.6099999999999,9,0,10,161,4.389999999999986,0.0
P892,S68,1,948.17,0.36000000000001364,1,0,0,0,9.209999999999923,243.9699999999999,10,0,11,161,4.75,0.0
P892,S68,1,948.53,0.36000000000001364,1,0,0,0,9.569999999999936,244.32999999999993,11,0,12,161,5.110000000000014,0.0
P892,S68,1,948.92,0.38999999999998636,1,0,0,0,9.959999999999923,244.7199999999999,12,0,13,161,5.5,0.0
P892,S68,1,949.85,0.9300000000000637,1,0,0,0,10.889999999999986,245.64999999999998,13,0,14,161,6.430000000000064,0.0
P892,S68,1,950.23,0.37999999999999545,1,0,0,0,11.269999999999982,246.02999999999997,14,0,15,161,6.810000000000059,0.0
P892,S68,1,950.69,0.4600000000000364,1,0,0,0,11.730000000000018,246.49,15,0,16,161,7.2700000000000955,0.0
P892,S68,1,951.05,0.35999999999989996,1,0,0,0,12.089999999999918,246.8499999999999,16,0,17,161,7.6299999999999955,0.0
P892,S68,1,951.48,0.43000000000006366,1,0,0,0,12.519999999999982,247.27999999999997,17,0,18,161,8.06000000000006,0.0
P892,S68,1,951.87,0.38999999999998636,1,0,0,0,12.909999999999968,247.66999999999996,18,0,19,161,8.450000000000045,0.0
P892,S68,1,952.3,0.42999999999995,1,0,0,0,13.339999999999918,248.0999999999999,19,0,20,161,8.879999999999995,0.0
P892,S68,1,953.16,0.8600000000000136,1,0,0,0,14.199999999999932,248.95999999999992,20,0,21,161,9.740000000000009,0.0
P892,S68,1,953.58,0.42000000000007276,1,0,0,0,14.620000000000005,249.38,21,0,22,161,10.160000000000082,0.0
P892,S68,1,953.97,0.38999999999998636,1,0,0,0,15.009999999999991,249.76999999999998,22,0,23,161,10.550000000000068,0.0
P892,S68,1,954.4,0.42999999999995,1,0,0,0,15.43999999999994,250.19999999999993,23,0,24,161,10.980000000000018,0.0
P892,S68,1,954.82,0.42000000000007276,1,0,0,0,15.860000000000014,250.62,24,0,25,161,11.400000000000091,0.0
P892,S68,1,955.69,0.8700000000000045,1,0,0,0,16.730000000000018,251.49,25,0,26,161,12.270000000000095,0.0
P892,S68,1,956.13,0.4399999999999409,1,0,0,0,17.16999999999996,251.92999999999995,26,0,27,161,12.710000000000036,0.0
P892,S68,1,956.57,0.44000000000005457,1,0,0,0,17.610000000000014,252.37,27,0,28,161,13.150000000000091,0.0
P892,S68,1,956.69,0.12000000000000455,1,0,0,0,17.730000000000018,252.49,28,0,29,161,13.270000000000095,0.0
P892,S68,1,957.93,1.2399999999998954,1,0,0,0,18.969999999999914,253.7299999999999,29,0,30,161,14.509999999999991,0.0
P892,S68,1,959.31,1.3799999999999955,1,0,0,0,20.34999999999991,255.1099999999999,30,0,31,161,15.889999999999986,0.0
P892,S68,1,959.31,0.0,1,0,1,0,0.0,255.1099999999999,31,0,0,161,0.0,0.0
P892,S68,1,963.58,4.2700000000000955,1,0,0,0,4.2700000000000955,259.38,0,0,1,161,0.0,0.0
P892,S68,1,963.98,0.39999999999997726,1,0,0,0,4.670000000000073,259.78,1,0,2,161,0.39999999999997726,0.0
P892,S68,1,964.49,0.5099999999999909,1,0,0,0,5.180000000000064,260.28999999999996,2,0,3,161,0.9099999999999682,0.0
P892,S68,1,964.86,0.37000000000000455,1,0,0,0,5.550000000000068,260.65999999999997,3,0,4,161,1.2799999999999727,0.0
P892,S68,1,965.26,0.39999999999997726,1,0,0,0,5.9500000000000455,261.05999999999995,4,0,5,161,1.67999999999995,0.0
P892,S68,1,966.22,0.9600000000000364,1,0,0,0,6.910000000000082,262.02,5,0,6,161,2.6399999999999864,0.0
P892,S68,1,966.69,0.4700000000000273,1,0,0,0,7.380000000000109,262.49,6,0,7,161,3.1100000000000136,0.0
P892,S68,1,967.18,0.4899999999998954,1,0,0,0,7.8700000000000045,262.9799999999999,7,0,8,161,3.599999999999909,0.0
P892,S68,1,967.62,0.44000000000005457,1,0,0,0,8.31000000000006,263.41999999999996,8,0,9,161,4.039999999999964,0.0
P892,S68,1,968.0,0.37999999999999545,1,0,0,0,8.690000000000055,263.79999999999995,9,0,10,161,4.419999999999959,0.0
P892,S68,1,968.42,0.4199999999999591,1,0,0,0,9.110000000000014,264.2199999999999,10,0,11,161,4.839999999999918,0.0
P892,S68,1,968.86,0.44000000000005457,1,0,0,0,9.550000000000068,264.65999999999997,11,0,12,161,5.279999999999973,0.0
P892,S68,1,969.27,0.40999999999996817,1,0,0,0,9.960000000000036,265.06999999999994,12,0,13,161,5.689999999999941,0.0
P892,S68,1,970.07,0.8000000000000682,1,0,0,0,10.760000000000105,265.87,13,0,14,161,6.490000000000009,0.0
P892,S68,1,970.7,0.6299999999999955,1,0,0,0,11.3900000000001,266.5,14,0,15,161,7.1200000000000045,0.0
P892,S68,1,971.15,0.4499999999999318,1,0,0,0,11.840000000000032,266.94999999999993,15,0,16,161,7.569999999999936,0.0
P892,S68,1,972.31,1.1599999999999682,1,0,0,0,13.0,268.1099999999999,16,0,17,161,8.729999999999905,0.0
P892,S68,1,972.73,0.42000000000007276,1,0,0,0,13.420000000000073,268.53,17,0,18,161,9.149999999999977,0.0
P892,S68,1,973.14,0.40999999999996817,1,0,0,0,13.830000000000041,268.93999999999994,18,0,19,161,9.559999999999945,0.0
P892,S68,1,973.58,0.44000000000005457,1,0,0,0,14.270000000000095,269.38,19,0,20,161,10.0,0.0
P892,S68,1,974.07,0.4900000000000091,1,0,0,0,14.760000000000105,269.87,20,0,21,161,10.490000000000009,0.0
P892,S68,1,975.37,1.2999999999999545,1,0,0,0,16.06000000000006,271.16999999999996,21,0,22,161,11.789999999999964,0.0
P892,S68,1,975.8,0.42999999999995,1,0,0,0,16.49000000000001,271.5999999999999,22,0,23,161,12.219999999999914,0.0
P892,S68,1,976.65,0.8500000000000227,1,0,0,0,17.340000000000032,272.44999999999993,23,0,24,161,13.069999999999936,0.0
P892,S68,1,977.46,0.8100000000000591,1,0,0,0,18.15000000000009,273.26,24,0,25,161,13.879999999999995,0.0
P892,S68,1,977.46,0.0,1,0,1,0,0.0,273.26,25,0,0,161,0.0,0.0
P892,S68,1,981.33,3.8700000000000045,1,0,0,0,3.8700000000000045,277.13,0,0,1,161,0.0,0.0
P892,S68,1,981.69,0.36000000000001364,1,0,0,0,4.230000000000018,277.49,1,0,2,161,0.36000000000001364,0.0
P892,S68,1,982.61,0.9199999999999591,1,0,0,0,5.149999999999977,278.40999999999997,2,0,3,161,1.2799999999999727,0.0
P892,S68,1,983.11,0.5,1,0,0,0,5.649999999999977,278.90999999999997,3,0,4,161,1.7799999999999727,0.0
P892,S68,1,983.84,0.7300000000000182,1,0,0,0,6.3799999999999955,279.64,4,0,5,161,2.509999999999991,0.0
P892,S68,1,985.18,1.3399999999999181,1,0,0,0,7.719999999999914,280.9799999999999,5,0,6,161,3.849999999999909,0.0
P892,S68,1,985.53,0.35000000000002274,1,0,0,0,8.069999999999936,281.3299999999999,6,0,7,161,4.199999999999932,0.0
P892,S68,1,985.93,0.39999999999997726,1,0,0,0,8.469999999999914,281.7299999999999,7,0,8,161,4.599999999999909,0.0
P892,S68,1,987.21,1.2800000000000864,1,0,0,0,9.75,283.01,8,0,9,161,5.8799999999999955,0.0
P892,S68,1,987.7,0.4900000000000091,1,0,0,0,10.240000000000009,283.5,9,0,10,161,6.3700000000000045,0.0
P892,S68,1,988.14,0.4399999999999409,1,0,0,0,10.67999999999995,283.93999999999994,10,0,11,161,6.809999999999945,0.0
P892,S68,1,988.6,0.4600000000000364,1,0,0,0,11.139999999999986,284.4,11,0,12,161,7.269999999999982,0.0
P892,S68,1,989.03,0.42999999999995,1,0,0,0,11.569999999999936,284.8299999999999,12,0,13,161,7.699999999999932,0.0
P892,S68,1,989.51,0.4800000000000182,1,0,0,0,12.049999999999955,285.30999999999995,13,0,14,161,8.17999999999995,0.0
P892,S68,1,990.46,0.9500000000000455,1,0,0,0,13.0,286.26,14,0,15,161,9.129999999999995,0.0
P892,S68,1,990.97,0.5099999999999909,1,0,0,0,13.509999999999991,286.77,15,0,16,161,9.639999999999986,0.0
P892,S68,1,991.73,0.7599999999999909,1,0,0,0,14.269999999999982,287.53,16,0,17,161,10.399999999999977,0.0
P892,S68,1,992.1,0.37000000000000455,1,0,0,0,14.639999999999986,287.9,17,0,18,161,10.769999999999982,0.0
P892,S68,1,992.49,0.38999999999998636,1,0,0,0,15.029999999999973,288.28999999999996,18,0,19,161,11.159999999999968,0.0
P892,S68,1,993.31,0.8199999999999363,1,0,0,0,15.849999999999909,289.1099999999999,19,0,20,161,11.979999999999905,0.0
P892,S68,1,993.75,0.44000000000005457,1,0,0,0,16.289999999999964,289.54999999999995,20,0,21,161,12.419999999999959,0.0
P892,S68,1,994.19,0.44000000000005457,1,0,0,0,16.730000000000018,289.99,21,0,22,161,12.860000000000014,0.0
P892,S68,1,994.58,0.38999999999998636,1,0,0,0,17.120000000000005,290.38,22,0,23,161,13.25,0.0
P892,S68,1,995.4,0.8199999999999363,1,0,0,0,17.93999999999994,291.19999999999993,23,0,24,161,14.069999999999936,0.0
P892,S68,1,996.21,0.8100000000000591,1,0,0,0,18.75,292.01,24,0,25,161,14.879999999999995,0.0
P892,S68,1,997.97,1.759999999999991,1,0,0,0,20.50999999999999,293.77,25,0,26,161,16.639999999999986,0.0
P892,S68,1,998.15,0.17999999999994998,1,0,0,0,20.68999999999994,293.94999999999993,26,0,27,161,16.819999999999936,0.0
P892,S68,1,999.79,1.6399999999999864,1,0,0,0,22.329999999999927,295.5899999999999,27,0,28,161,18.459999999999923,0.0
P892,S68,1,1000.96,1.1700000000000728,1,0,0,0,23.5,296.76,28,0,29,161,19.629999999999995,0.0
P892,S68,1,1000.96,0.0,1,0,1,0,0.0,296.76,29,0,0,161,0.0,0.0
P892,S68,1,1004.98,4.019999999999982,1,0,0,0,4.019999999999982,300.78,0,0,1,161,0.0,0.0
P892,S68,1,1005.32,0.34000000000003183,1,0,0,0,4.360000000000014,301.12,1,0,2,161,0.34000000000003183,0.0
P892,S68,1,1005.84,0.5199999999999818,1,0,0,0,4.8799999999999955,301.64,2,0,3,161,0.8600000000000136,0.0
P892,S68,1,1006.28,0.4399999999999409,1,0,0,0,5.319999999999936,302.0799999999999,3,0,4,161,1.2999999999999545,0.0
P892,S68,1,1008.03,1.75,1,0,0,0,7.069999999999936,303.8299999999999,4,0,5,161,3.0499999999999545,0.0
P892,S68,1,1009.92,1.8899999999999864,1,0,0,0,8.959999999999923,305.7199999999999,5,0,6,161,4.939999999999941,0.0
P892,S68,1,1014.05,4.1299999999999955,1,0,0,0,13.089999999999918,309.8499999999999,6,0,7,161,9.069999999999936,0.0
P892,S68,1,1014.05,0.0,1,0,1,0,0.0,309.8499999999999,7,0,0,161,0.0,0.0
P892,S68,1,1018.73,4.680000000000064,1,0,0,0,4.680000000000064,314.53,0,0,1,161,0.0,0.0
P892,S68,1,1019.57,0.8400000000000318,1,0,0,0,5.5200000000000955,315.37,1,0,2,161,0.8400000000000318,0.0
P892,S68,1,1020.01,0.4399999999999409,1,0,0,0,5.960000000000036,315.80999999999995,2,0,3,161,1.2799999999999727,0.0
P892,S68,1,1020.42,0.40999999999996817,1,0,0,0,6.3700000000000045,316.2199999999999,3,0,4,161,1.6899999999999409,0.0
P892,S68,1,1020.81,0.38999999999998636,1,0,0,0,6.759999999999991,316.6099999999999,4,0,5,161,2.0799999999999272,0.0
P892,S68,1,1021.9,1.0900000000000318,1,0,0,0,7.850000000000023,317.69999999999993,5,0,6,161,3.169999999999959,0.0
P892,S68,1,1022.33,0.43000000000006366,1,0,0,0,8.280000000000086,318.13,6,0,7,161,3.6000000000000227,0.0
P892,S68,1,1022.72,0.38999999999998636,1,0,0,0,8.670000000000073,318.52,7,0,8,161,3.990000000000009,0.0
P892,S68,1,1023.1,0.37999999999999545,1,0,0,0,9.050000000000068,318.9,8,0,9,161,4.3700000000000045,0.0
P892,S68,1,1023.54,0.4399999999999409,1,0,0,0,9.490000000000009,319.3399999999999,9,0,10,161,4.809999999999945,0.0
P892,S68,1,1024.86,1.3199999999999363,1,0,0,0,10.809999999999945,320.65999999999985,10,0,11,161,6.129999999999882,0.0
P892,S68,1,1026.04,1.1800000000000637,1,0,0,0,11.990000000000009,321.8399999999999,11,0,12,161,7.309999999999945,0.0
P892,S68,1,1028.08,2.0399999999999636,1,0,0,0,14.029999999999973,323.8799999999999,12,0,13,161,9.349999999999909,0.0
P892,S68,1,1028.63,0.5500000000001819,1,0,0,0,14.580000000000155,324.43000000000006,13,0,14,161,9.900000000000091,0.0
P892,S68,1,1028.76,0.12999999999988177,1,0,0,0,14.710000000000036,324.55999999999995,14,0,15,161,10.029999999999973,0.0
P892,S68,1,1029.18,0.42000000000007276,1,0,0,0,15.13000000000011,324.98,15,0,16,161,10.450000000000045,0.0
P892,S68,1,1029.52,0.33999999999991815,1,0,0,0,15.470000000000027,325.31999999999994,16,0,17,161,10.789999999999964,0.0
P892,S68,1,1031.66,2.1400000000001,1,0,0,0,17.610000000000127,327.46000000000004,17,0,18,161,12.930000000000064,0.0
P892,S68,1,1032.07,0.4099999999998545,1,0,0,0,18.019999999999982,327.8699999999999,18,0,19,161,13.339999999999918,0.0
P892,S68,1,1032.47,0.40000000000009095,1,0,0,0,18.420000000000073,328.27,19,0,20,161,13.740000000000009,0.0
P892,S68,1,1032.94,0.4700000000000273,1,0,0,0,18.8900000000001,328.74,20,0,21,161,14.210000000000036,0.0
P892,S68,1,1034.85,1.9099999999998545,1,0,0,0,20.799999999999955,330.64999999999986,21,0,22,161,16.11999999999989,0.0
P892,S68,1,1035.08,0.2300000000000182,1,0,0,0,21.029999999999973,330.8799999999999,22,0,23,161,16.34999999999991,0.0
P892,S68,1,1037.03,1.9500000000000455,1,0,0,0,22.980000000000018,332.8299999999999,23,0,24,161,18.299999999999955,0.0
P892,S68,1,1038.41,1.3800000000001091,1,0,0,0,24.360000000000127,334.21000000000004,24,0,25,161,19.680000000000064,0.0
P892,S68,1,1038.78,0.36999999999989086,1,0,0,0,24.730000000000018,334.5799999999999,25,0,26,161,20.049999999999955,0.0
P892,S68,1,1039.66,0.8800000000001091,1,0,0,0,25.610000000000127,335.46000000000004,26,0,27,161,20.930000000000064,0.0
P892,S68,1,1039.82,0.15999999999985448,1,0,0,0,25.769999999999982,335.6199999999999,27,0,28,161,21.089999999999918,0.0
P892,S68,1,1040.9,1.0800000000001546,1,0,0,0,26.850000000000136,336.70000000000005,28,0,29,161,22.170000000000073,0.0
P892,S68,1,1041.07,0.16999999999984539,1,0,0,0,27.019999999999982,336.8699999999999,29,0,30,161,22.339999999999918,0.0
P892,S68,1,1042.42,1.3500000000001364,1,0,0,0,28.37000000000012,338.22,30,0,31,161,23.690000000000055,0.0
P892,S68,1,1042.76,0.33999999999991815,1,0,0,0,28.710000000000036,338.55999999999995,31,0,32,161,24.029999999999973,0.0
P892,S68,1,1045.2,2.4400000000000546,1,0,0,0,31.15000000000009,341.0,32,0,33,161,26.470000000000027,0.0
P892,S68,1,1046.39,1.1900000000000546,1,0,0,0,32.340000000000146,342.19000000000005,33,0,34,161,27.660000000000082,0.0
P892,S68,1,1048.32,1.9299999999998363,1,0,0,0,34.26999999999998,344.1199999999999,34,0,35,161,29.589999999999918,0.0
P892,S68,1,1048.5,0.18000000000006366,1,0,0,0,34.450000000000045,344.29999999999995,35,0,36,161,29.769999999999982,0.0
P892,S68,1,1049.05,0.5499999999999545,1,0,0,0,35.0,344.8499999999999,36,0,37,161,30.319999999999936,0.0
P892,S68,1,1049.39,0.3400000000001455,1,0,0,0,35.340000000000146,345.19000000000005,37,0,38,161,30.660000000000082,0.0
P892,S68,1,1049.83,0.4399999999998272,1,0,0,0,35.77999999999997,345.6299999999999,38,0,39,161,31.09999999999991,0.0
P892,S68,1,1050.17,0.3400000000001455,1,0,0,0,36.12000000000012,345.97,39,0,40,161,31.440000000000055,0.0
P892,S68,1,1050.59,0.4199999999998454,1,0,0,0,36.539999999999964,346.3899999999999,40,0,41,161,31.8599999999999,0.0
P892,S68,1,1052.38,1.790000000000191,1,0,0,0,38.330000000000155,348.18000000000006,41,0,42,161,33.65000000000009,0.0
P892,S68,1,1052.54,0.15999999999985448,1,0,0,0,38.49000000000001,348.3399999999999,42,0,43,161,33.809999999999945,0.0
P892,S68,1,1053.34,0.7999999999999545,1,0,0,0,39.289999999999964,349.1399999999999,43,0,44,161,34.6099999999999,0.0
P892,S68,1,1054.53,1.1900000000000546,1,0,0,0,40.48000000000002,350.3299999999999,44,0,45,161,35.799999999999955,0.0
P892,S68,1,1057.24,2.7100000000000364,1,0,0,0,43.190000000000055,353.03999999999996,45,0,46,161,38.50999999999999,0.0
P892,S68,1,1059.11,1.8699999999998909,1,0,0,0,45.059999999999945,354.90999999999985,46,0,47,161,40.37999999999988,0.0
P892,S68,1,1059.24,0.13000000000010914,1,0,0,0,45.190000000000055,355.03999999999996,47,0,48,161,40.50999999999999,0.0
P892,S68,1,1060.76,1.5199999999999818,1,0,0,0,46.710000000000036,356.55999999999995,48,0,49,161,42.02999999999997,0.0
P892,S68,1,1061.13,0.37000000000011823,1,0,0,0,47.080000000000155,356.93000000000006,49,0,50,161,42.40000000000009,0.0
P892,S68,1,1062.59,1.459999999999809,1,0,0,0,48.539999999999964,358.3899999999999,50,0,51,161,43.8599999999999,0.0
P892,S68,1,1065.21,2.6200000000001182,1,0,0,0,51.16000000000008,361.01,51,0,52,161,46.48000000000002,0.0
P892,S68,1,1067.35,2.1399999999998727,1,0,0,0,53.299999999999955,363.14999999999986,52,0,53,161,48.61999999999989,0.0
P892,S68,1,1072.18,4.830000000000155,1,0,0,0,58.13000000000011,367.98,53,0,54,161,53.450000000000045,0.0
P892,S68,1,1072.41,0.2300000000000182,1,0,0,0,58.36000000000013,368.21000000000004,54,0,55,161,53.680000000000064,0.0
P892,S68,1,1072.97,0.5599999999999454,1,0,0,0,58.92000000000007,368.77,55,0,56,161,54.24000000000001,0.0
P892,S68,1,1073.33,0.35999999999989996,1,0,0,0,59.27999999999997,369.1299999999999,56,0,57,161,54.59999999999991,0.0
P892,S68,1,1073.69,0.36000000000012733,1,0,0,0,59.6400000000001,369.49,57,0,58,161,54.960000000000036,0.0
P892,S68,1,1075.08,1.3899999999998727,1,0,0,0,61.02999999999997,370.8799999999999,58,0,59,161,56.34999999999991,0.0
P892,S68,1,1075.2,0.12000000000011823,1,0,0,0,61.15000000000009,371.0,59,0,60,161,56.47000000000003,0.0
P892,S68,1,1075.62,0.4199999999998454,1,0,0,0,61.569999999999936,371.41999999999985,60,0,61,161,56.88999999999987,0.0
P892,S68,1,1076.07,0.4500000000000455,1,0,0,0,62.01999999999998,371.8699999999999,61,0,62,161,57.33999999999992,0.0
P892,S68,1,1076.49,0.42000000000007276,1,0,0,0,62.440000000000055,372.28999999999996,62,0,63,161,57.75999999999999,0.0
P892,S68,1,1076.87,0.37999999999988177,1,0,0,0,62.819999999999936,372.66999999999985,63,0,64,161,58.13999999999987,0.0
P892,S68,1,1077.28,0.41000000000008185,1,0,0,0,63.23000000000002,373.0799999999999,64,0,65,161,58.549999999999955,0.0
P892,S68,1,1078.76,1.4800000000000182,1,0,0,0,64.71000000000004,374.55999999999995,65,0,66,161,60.02999999999997,0.0
P892,S68,1,1082.9,4.1400000000001,1,0,0,0,68.85000000000014,378.70000000000005,66,0,67,161,64.17000000000007,0.0
P892,S68,1,1083.27,0.36999999999989086,1,0,0,0,69.22000000000003,379.06999999999994,67,0,68,161,64.53999999999996,0.0
P892,S68,1,1083.62,0.34999999999990905,1,0,0,0,69.56999999999994,379.41999999999985,68,0,69,161,64.88999999999987,0.0
P892,S68,1,1083.76,0.14000000000010004,1,0,0,0,69.71000000000004,379.55999999999995,69,0,70,161,65.02999999999997,0.0
P892,S68,1,1085.46,1.7000000000000455,1,0,0,0,71.41000000000008,381.26,70,0,71,161,66.73000000000002,0.0
P892,S68,1,1085.78,0.31999999999993634,1,0,0,0,71.73000000000002,381.5799999999999,71,0,72,161,67.04999999999995,0.0
P892,S68,1,1088.44,2.660000000000082,1,0,0,0,74.3900000000001,384.24,72,0,73,161,69.71000000000004,0.0
P892,S68,1,1088.81,0.36999999999989086,1,0,0,0,74.75999999999999,384.6099999999999,73,0,74,161,70.07999999999993,0.0
P892,S68,1,1089.21,0.40000000000009095,1,0,0,0,75.16000000000008,385.01,74,0,75,161,70.48000000000002,0.0
P892,S68,1,1089.63,0.42000000000007276,1,0,0,0,75.58000000000015,385.43000000000006,75,0,76,161,70.90000000000009,0.0
P892,S68,1,1090.91,1.2799999999999727,1,0,0,0,76.86000000000013,386.71000000000004,76,0,77,161,72.18000000000006,0.0
P892,S68,1,1091.06,0.14999999999986358,1,0,0,0,77.00999999999999,386.8599999999999,77,0,78,161,72.32999999999993,0.0
P892,S68,1,1093.04,1.9800000000000182,1,0,0,0,78.99000000000001,388.8399999999999,78,0,79,161,74.30999999999995,0.0
P892,S68,1,1094.31,1.2699999999999818,1,0,0,0,80.25999999999999,390.1099999999999,79,0,80,161,75.57999999999993,0.0
P892,S68,1,1094.49,0.18000000000006366,1,0,0,0,80.44000000000005,390.28999999999996,80,0,81,161,75.75999999999999,0.0
P892,S68,1,1094.87,0.37999999999988177,1,0,0,0,80.81999999999994,390.66999999999985,81,0,82,161,76.13999999999987,0.0
P892,S68,1,1096.27,1.400000000000091,1,0,0,0,82.22000000000003,392.06999999999994,82,0,83,161,77.53999999999996,0.0
P892,S68,1,1096.45,0.18000000000006366,1,0,0,0,82.40000000000009,392.25,83,0,84,161,77.72000000000003,0.0
P892,S68,1,1096.82,0.36999999999989086,1,0,0,0,82.76999999999998,392.6199999999999,84,0,85,161,78.08999999999992,0.0
P892,S68,1,1098.93,2.1100000000001273,1,0,0,0,84.88000000000011,394.73,85,0,86,161,80.20000000000005,0.0
P892,S68,1,1098.93,0.0,1,0,1,0,0.0,394.73,86,0,0,161,0.0,0.0
P892,S68,1,1106.73,7.7999999999999545,1,0,0,0,7.7999999999999545,402.53,0,0,1,161,0.0,0.0
P892,S68,1,1106.73,0.0,1,0,1,0,0.0,402.53,1,0,0,161,0.0,0.0
P892,S68,1,1113.61,6.879999999999882,1,0,0,0,6.879999999999882,409.40999999999985,0,0,1,161,0.0,0.0
P892,S68,1,1113.61,0.0,1,0,1,0,0.0,409.40999999999985,1,0,0,161,0.0,0.0
P892,S68,1,1117.96,4.350000000000136,1,0,0,0,4.350000000000136,413.76,0,0,1,161,0.0,0.0
P892,S68,1,1120.9,2.9400000000000546,1,0,0,0,7.290000000000191,416.70000000000005,1,0,2,161,2.9400000000000546,0.0
P892,S68,1,1121.22,0.31999999999993634,1,0,0,0,7.610000000000127,417.02,2,0,3,161,3.259999999999991,0.0
P892,S68,1,1121.62,0.3999999999998636,1,0,0,0,8.009999999999991,417.41999999999985,3,0,4,161,3.6599999999998545,0.0
P892,S68,1,1122.89,1.2700000000002092,1,0,0,0,9.2800000000002,418.69000000000005,4,0,5,161,4.930000000000064,0.0
P892,S68,1,1124.38,1.490000000000009,1,0,0,0,10.77000000000021,420.18000000000006,5,0,6,161,6.420000000000073,0.0
P892,S68,1,1126.17,1.7899999999999636,1,0,0,0,12.560000000000173,421.97,6,0,7,161,8.210000000000036,0.0
P892,S68,1,1126.84,0.6699999999998454,1,0,0,0,13.230000000000018,422.6399999999999,7,0,8,161,8.879999999999882,0.0
P892,S68,1,1127.31,0.4700000000000273,1,0,0,0,13.700000000000045,423.1099999999999,8,0,9,161,9.349999999999909,0.0
P892,S68,1,1127.31,0.0,1,0,1,0,0.0,423.1099999999999,9,0,0,161,0.0,0.0
P892,S68,1,1131.65,4.3400000000001455,1,0,0,0,4.3400000000001455,427.45000000000005,0,0,1,161,0.0,0.0
P892,S68,1,1132.9,1.25,1,0,0,0,5.5900000000001455,428.70000000000005,1,0,2,161,1.25,0.0
P892,S68,1,1135.23,2.3299999999999272,1,0,0,0,7.920000000000073,431.03,2,0,3,161,3.5799999999999272,0.0
P892,S68,1,1135.23,0.0,1,0,1,0,0.0,431.03,3,0,0,161,0.0,0.0
P892,S68,1,1139.58,4.349999999999909,1,0,0,0,4.349999999999909,435.3799999999999,0,0,1,161,0.0,0.0
P892,S68,1,1140.95,1.3700000000001182,1,0,0,0,5.720000000000027,436.75,1,0,2,161,1.3700000000001182,0.0
P892,S68,1,1144.39,3.4400000000000546,1,0,0,0,9.160000000000082,440.19000000000005,2,0,3,161,4.810000000000173,0.0
P892,S68,1,1144.75,0.35999999999989996,1,0,0,0,9.519999999999982,440.54999999999995,3,0,4,161,5.170000000000073,0.0
P892,S68,1,1144.9,0.15000000000009095,1,0,0,0,9.670000000000073,440.70000000000005,4,0,5,161,5.320000000000164,0.0
P892,S68,1,1146.83,1.9299999999998363,1,0,0,0,11.599999999999909,442.6299999999999,5,0,6,161,7.25,0.0
P892,S68,1,1147.16,0.3300000000001546,1,0,0,0,11.930000000000064,442.96000000000004,6,0,7,161,7.580000000000155,0.0
P892,S68,1,1147.51,0.34999999999990905,1,0,0,0,12.279999999999973,443.30999999999995,7,0,8,161,7.930000000000064,0.0
P892,S68,1,1147.87,0.35999999999989996,1,0,0,0,12.639999999999873,443.66999999999985,8,0,9,161,8.289999999999964,0.0
P892,S68,1,1148.7,0.8300000000001546,1,0,0,0,13.470000000000027,444.5,9,0,10,161,9.120000000000118,0.0
P892,S68,1,1148.85,0.14999999999986358,1,0,0,0,13.61999999999989,444.64999999999986,10,0,11,161,9.269999999999982,0.0
P892,S68,1,1150.38,1.5300000000002,1,0,0,0,15.150000000000091,446.18000000000006,11,0,12,161,10.800000000000182,0.0
P892,S68,1,1150.72,0.33999999999991815,1,0,0,0,15.490000000000009,446.52,12,0,13,161,11.1400000000001,0.0
P892,S68,1,1151.16,0.44000000000005457,1,0,0,0,15.930000000000064,446.96000000000004,13,0,14,161,11.580000000000155,0.0
P892,S68,1,1152.58,1.4199999999998454,1,0,0,0,17.34999999999991,448.3799999999999,14,0,15,161,13.0,0.0
P892,S68,1,1152.93,0.3500000000001364,1,0,0,0,17.700000000000045,448.73,15,0,16,161,13.350000000000136,0.0
P892,S68,1,1154.09,1.1599999999998545,1,0,0,0,18.8599999999999,449.8899999999999,16,0,17,161,14.509999999999991,0.0
P892,S68,1,1154.63,0.540000000000191,1,0,0,0,19.40000000000009,450.43000000000006,17,0,18,161,15.050000000000182,0.0
P892,S68,1,1156.27,1.6399999999998727,1,0,0,0,21.039999999999964,452.06999999999994,18,0,19,161,16.690000000000055,0.0
P892,S68,1,1156.47,0.20000000000004547,1,0,0,0,21.24000000000001,452.27,19,0,20,161,16.8900000000001,0.0
P892,S68,1,1157.04,0.5699999999999363,1,0,0,0,21.809999999999945,452.8399999999999,20,0,21,161,17.460000000000036,0.0
P892,S68,1,1159.97,2.9300000000000637,1,0,0,0,24.74000000000001,455.77,21,0,22,161,20.3900000000001,0.0
P892,S68,1,1160.12,0.14999999999986358,1,0,0,0,24.889999999999873,455.91999999999985,22,0,23,161,20.539999999999964,0.0
P892,S68,1,1161.72,1.6000000000001364,1,0,0,0,26.49000000000001,457.52,23,0,24,161,22.1400000000001,0.0
P892,S68,1,1162.24,0.5199999999999818,1,0,0,0,27.00999999999999,458.03999999999996,24,0,25,161,22.660000000000082,0.0
P892,S68,1,1163.12,0.8799999999998818,1,0,0,0,27.889999999999873,458.91999999999985,25,0,26,161,23.539999999999964,0.0
P892,S68,1,1164.43,1.3100000000001728,1,0,0,0,29.200000000000045,460.23,26,0,27,161,24.850000000000136,0.0
P892,S68,1,1164.6,0.16999999999984539,1,0,0,0,29.36999999999989,460.39999999999986,27,0,28,161,25.019999999999982,0.0
P892,S68,1,1165.0,0.40000000000009095,1,0,0,0,29.769999999999982,460.79999999999995,28,0,29,161,25.420000000000073,0.0
P892,S68,1,1165.39,0.39000000000010004,1,0,0,0,30.160000000000082,461.19000000000005,29,0,30,161,25.810000000000173,0.0
P892,S68,1,1166.76,1.3699999999998909,1,0,0,0,31.529999999999973,462.55999999999995,30,0,31,161,27.180000000000064,0.0
P892,S68,1,1169.47,2.7100000000000364,1,0,0,0,34.24000000000001,465.27,31,0,32,161,29.8900000000001,0.0
P892,S68,1,1172.75,3.2799999999999727,1,0,0,0,37.51999999999998,468.54999999999995,32,0,33,161,33.17000000000007,0.0
P892,S68,1,1176.22,3.4700000000000273,1,0,0,0,40.99000000000001,472.02,33,0,34,161,36.6400000000001,0.0
P892,S68,1,1176.55,0.32999999999992724,1,0,0,0,41.319999999999936,472.3499999999999,34,0,35,161,36.97000000000003,0.0
P892,S68,1,1177.54,0.9900000000000091,1,0,0,0,42.309999999999945,473.3399999999999,35,0,36,161,37.960000000000036,0.0
P892,S68,1,1177.88,0.3400000000001455,1,0,0,0,42.65000000000009,473.68000000000006,36,0,37,161,38.30000000000018,0.0
P892,S68,1,1180.07,2.189999999999827,1,0,0,0,44.83999999999992,475.8699999999999,37,0,38,161,40.49000000000001,0.0
P892,S68,1,1181.63,1.5600000000001728,1,0,0,0,46.40000000000009,477.43000000000006,38,0,39,161,42.05000000000018,0.0
P892,S68,1,1183.1,1.4699999999998,1,0,0,0,47.86999999999989,478.89999999999986,39,0,40,161,43.51999999999998,0.0
P892,S68,1,1183.27,0.17000000000007276,1,0,0,0,48.039999999999964,479.06999999999994,40,0,41,161,43.690000000000055,0.0
P892,S68,1,1184.9,1.6300000000001091,1,0,0,0,49.67000000000007,480.70000000000005,41,0,42,161,45.320000000000164,0.0
P892,S68,1,1185.2,0.2999999999999545,1,0,0,0,49.97000000000003,481.0,42,0,43,161,45.62000000000012,0.0
P892,S68,1,1189.47,4.269999999999982,1,0,0,0,54.24000000000001,485.27,43,0,44,161,49.8900000000001,0.0
P892,S68,1,1191.6,2.1299999999998818,1,0,0,0,56.36999999999989,487.39999999999986,44,0,45,161,52.01999999999998,0.0
P892,S68,1,1191.75,0.15000000000009095,1,0,0,0,56.51999999999998,487.54999999999995,45,0,46,161,52.17000000000007,0.0
P892,S68,1,1193.45,1.7000000000000455,1,0,0,0,58.22000000000003,489.25,46,0,47,161,53.87000000000012,0.0
P892,S68,1,1194.2,0.75,1,0,0,0,58.97000000000003,490.0,47,0,48,161,54.62000000000012,0.0
P892,S68,1,1194.31,0.10999999999989996,1,0,0,0,59.07999999999993,490.1099999999999,48,0,49,161,54.73000000000002,0.0
P892,S68,1,1201.79,7.480000000000018,1,0,0,0,66.55999999999995,497.5899999999999,49,0,50,161,62.210000000000036,0.0
P892,S68,1,1202.55,0.7599999999999909,1,0,0,0,67.31999999999994,498.3499999999999,50,0,51,161,62.97000000000003,0.0
P892,S68,1,1204.65,2.1000000000001364,1,0,0,0,69.42000000000007,500.45000000000005,51,0,52,161,65.07000000000016,0.0
P892,S68,1,1206.92,2.269999999999982,1,0,0,0,71.69000000000005,502.72,52,0,53,161,67.34000000000015,0.0
P892,S68,1,1219.56,12.639999999999873,1,0,0,0,84.32999999999993,515.3599999999999,53,0,54,161,79.98000000000002,0.0
P892,S68,1,1223.31,3.75,1,0,0,0,88.07999999999993,519.1099999999999,54,0,55,161,83.73000000000002,0.0
P892,S68,1,1225.43,2.1200000000001182,1,0,0,0,90.20000000000005,521.23,55,0,56,161,85.85000000000014,0.0
P892,S68,1,1225.75,0.31999999999993634,1,0,0,0,90.51999999999998,521.55,56,0,57,161,86.17000000000007,0.0
P892,S68,1,1229.31,3.5599999999999454,1,0,0,0,94.07999999999993,525.1099999999999,57,0,58,161,89.73000000000002,0.0
P892,S68,1,1229.64,0.3300000000001546,1,0,0,0,94.41000000000008,525.44,58,0,59,161,90.06000000000017,0.0
P892,S68,1,1233.77,4.129999999999882,1,0,0,0,98.53999999999996,529.5699999999999,59,0,60,161,94.19000000000005,0.0
P892,S68,1,1234.61,0.8399999999999181,1,0,0,0,99.37999999999988,530.4099999999999,60,0,61,161,95.02999999999997,0.0
P892,S68,1,1235.02,0.41000000000008185,1,0,0,0,99.78999999999996,530.8199999999999,61,0,62,161,95.44000000000005,0.0
P892,S68,1,1239.44,4.420000000000073,1,0,0,0,104.21000000000004,535.24,62,0,63,161,99.86000000000013,0.0
P892,S68,1,1247.2,7.759999999999991,1,0,0,0,111.97000000000003,543.0,63,0,64,161,107.62000000000012,0.0
P892,S68,1,1247.64,0.44000000000005457,1,0,0,0,112.41000000000008,543.44,64,0,65,161,108.06000000000017,0.0
P892,S68,1,1248.27,0.6299999999998818,1,0,0,0,113.03999999999996,544.0699999999999,65,0,66,161,108.69000000000005,0.0
P892,S68,1,1250.94,2.6700000000000728,1,0,0,0,115.71000000000004,546.74,66,0,67,161,111.36000000000013,0.0
P892,S68,1,1252.01,1.0699999999999363,1,0,0,0,116.77999999999997,547.81,67,0,68,161,112.43000000000006,0.0
P892,S68,1,1253.04,1.0299999999999727,1,0,0,0,117.80999999999995,548.8399999999999,68,0,69,161,113.46000000000004,0.0
P892,S68,1,1255.02,1.9800000000000182,1,0,0,0,119.78999999999996,550.8199999999999,69,0,70,161,115.44000000000005,0.0
P892,S68,1,1256.64,1.6200000000001182,1,0,0,0,121.41000000000008,552.44,70,0,71,161,117.06000000000017,0.0
P892,S68,1,1257.14,0.5,1,0,0,0,121.91000000000008,552.94,71,0,72,161,117.56000000000017,0.0
P892,S68,1,1258.4,1.259999999999991,1,0,0,0,123.17000000000007,554.2,72,0,73,161,118.82000000000016,0.0
P892,S68,1,1258.73,0.32999999999992724,1,0,0,0,123.5,554.53,73,0,74,161,119.15000000000009,0.0
P892,S68,1,1261.1,2.369999999999891,1,0,0,0,125.86999999999989,556.8999999999999,74,0,75,161,121.51999999999998,0.0
P892,S68,1,1264.12,3.019999999999982,1,0,0,0,128.88999999999987,559.9199999999998,75,0,76,161,124.53999999999996,0.0
P892,S68,1,1264.68,0.5600000000001728,1,0,0,0,129.45000000000005,560.48,76,0,77,161,125.10000000000014,0.0
P892,S68,1,1271.37,6.689999999999827,1,0,0,0,136.13999999999987,567.1699999999998,77,0,78,161,131.78999999999996,0.0
P892,S68,1,1271.54,0.17000000000007276,1,0,0,0,136.30999999999995,567.3399999999999,78,0,79,161,131.96000000000004,0.0
P892,S68,1,1271.92,0.38000000000010914,1,0,0,0,136.69000000000005,567.72,79,0,80,161,132.34000000000015,0.0
P892,S68,1,1272.37,0.4499999999998181,1,0,0,0,137.13999999999987,568.1699999999998,80,0,81,161,132.78999999999996,0.0
P892,S68,1,1274.06,1.6900000000000546,1,0,0,0,138.82999999999993,569.8599999999999,81,0,82,161,134.48000000000002,0.0
P892,S68,1,1274.41,0.3500000000001364,1,0,0,0,139.18000000000006,570.21,82,0,83,161,134.83000000000015,0.0
P892,S68,1,1276.33,1.9199999999998454,1,0,0,0,141.0999999999999,572.1299999999999,83,0,84,161,136.75,0.0
P892,S68,1,1276.7,0.37000000000011823,1,0,0,0,141.47000000000003,572.5,84,0,85,161,137.12000000000012,0.0
P892,S68,1,1282.84,6.139999999999873,1,0,0,0,147.6099999999999,578.6399999999999,85,0,86,161,143.26,0.0
P892,S68,1,1284.94,2.1000000000001364,1,0,0,0,149.71000000000004,580.74,86,0,87,161,145.36000000000013,0.0
P892,S68,1,1290.21,5.269999999999982,1,0,0,0,154.98000000000002,586.01,87,0,88,161,150.6300000000001,0.0
P892,S68,1,1290.21,0.0,1,0,1,0,0.0,586.01,88,0,0,161,0.0,0.0
P892,S68,1,1294.89,4.680000000000064,1,0,0,0,4.680000000000064,590.69,0,0,1,161,0.0,0.0
P892,S68,1,1295.61,0.7199999999997999,1,0,0,0,5.399999999999864,591.4099999999999,1,0,2,161,0.7199999999997999,0.0
P892,S68,1,1295.96,0.3500000000001364,1,0,0,0,5.75,591.76,2,0,3,161,1.0699999999999363,0.0
P892,S68,1,1297.37,1.4099999999998545,1,0,0,0,7.1599999999998545,593.1699999999998,3,0,4,161,2.479999999999791,0.0
P892,S68,1,1298.58,1.2100000000000364,1,0,0,0,8.36999999999989,594.3799999999999,4,0,5,161,3.689999999999827,0.0
P892,S68,1,1299.7,1.1200000000001182,1,0,0,0,9.490000000000009,595.5,5,0,6,161,4.809999999999945,0.0
P892,S68,1,1300.0,0.2999999999999545,1,0,0,0,9.789999999999964,595.8,6,0,7,161,5.1099999999999,0.0
P892,S68,1,1301.45,1.4500000000000455,1,0,0,0,11.240000000000009,597.25,7,0,8,161,6.559999999999945,0.0
P892,S68,1,1301.83,0.37999999999988177,1,0,0,0,11.61999999999989,597.6299999999999,8,0,9,161,6.939999999999827,0.0
P892,S68,1,1302.33,0.5,1,0,0,0,12.11999999999989,598.1299999999999,9,0,10,161,7.439999999999827,0.0
P892,S68,1,1302.73,0.40000000000009095,1,0,0,0,12.519999999999982,598.53,10,0,11,161,7.839999999999918,0.0
P892,S68,1,1303.82,1.0899999999999181,1,0,0,0,13.6099999999999,599.6199999999999,11,0,12,161,8.929999999999836,0.0
P892,S68,1,1304.16,0.3400000000001455,1,0,0,0,13.950000000000045,599.96,12,0,13,161,9.269999999999982,0.0
P892,S68,1,1304.37,0.209999999999809,1,0,0,0,14.159999999999854,600.1699999999998,13,0,14,161,9.47999999999979,0.0
P892,S68,1,1304.71,0.3400000000001455,1,0,0,0,14.5,600.51,14,0,15,161,9.819999999999936,0.0
P892,S68,1,1306.02,1.3099999999999454,1,0,0,0,15.809999999999945,601.8199999999999,15,0,16,161,11.129999999999882,0.0
P892,S68,1,1306.37,0.34999999999990905,1,0,0,0,16.159999999999854,602.1699999999998,16,0,17,161,11.47999999999979,0.0
P892,S68,1,1306.75,0.38000000000010914,1,0,0,0,16.539999999999964,602.55,17,0,18,161,11.8599999999999,0.0
P892,S68,1,1306.75,0.0,1,0,1,0,0.0,602.55,18,0,0,161,0.0,0.0
P892,S68,1,1310.82,4.069999999999936,1,0,0,0,4.069999999999936,606.6199999999999,0,0,1,161,0.0,0.0
P892,S68,1,1312.88,2.060000000000173,1,0,0,0,6.130000000000109,608.6800000000001,1,0,2,161,2.060000000000173,0.0
P892,S68,1,1313.26,0.37999999999988177,1,0,0,0,6.509999999999991,609.06,2,0,3,161,2.4400000000000546,0.0
P892,S68,1,1313.73,0.4700000000000273,1,0,0,0,6.980000000000018,609.53,3,0,4,161,2.910000000000082,0.0
P892,S68,1,1314.09,0.35999999999989996,1,0,0,0,7.339999999999918,609.8899999999999,4,0,5,161,3.269999999999982,0.0
P892,S68,1,1315.61,1.5199999999999818,1,0,0,0,8.8599999999999,611.4099999999999,5,0,6,161,4.789999999999964,0.0
P892,S68,1,1317.0,1.3900000000001,1,0,0,0,10.25,612.8,6,0,7,161,6.180000000000064,0.0
P892,S68,1,1317.17,0.17000000000007276,1,0,0,0,10.420000000000073,612.97,7,0,8,161,6.350000000000136,0.0
P892,S68,1,1317.48,0.30999999999994543,1,0,0,0,10.730000000000018,613.28,8,0,9,161,6.660000000000082,0.0
P892,S68,1,1317.81,0.32999999999992724,1,0,0,0,11.059999999999945,613.6099999999999,9,0,10,161,6.990000000000009,0.0
P892,S68,1,1318.17,0.36000000000012733,1,0,0,0,11.420000000000073,613.97,10,0,11,161,7.350000000000136,0.0
P892,S68,1,1319.12,0.9499999999998181,1,0,0,0,12.36999999999989,614.9199999999998,11,0,12,161,8.299999999999955,0.0
P892,S68,1,1319.87,0.75,1,0,0,0,13.11999999999989,615.6699999999998,12,0,13,161,9.049999999999955,0.0
P892,S68,1,1320.04,0.17000000000007276,1,0,0,0,13.289999999999964,615.8399999999999,13,0,14,161,9.220000000000027,0.0
P892,S68,1,1321.33,1.2899999999999636,1,0,0,0,14.579999999999927,617.1299999999999,14,0,15,161,10.509999999999991,0.0
P892,S68,1,1321.72,0.39000000000010004,1,0,0,0,14.970000000000027,617.52,15,0,16,161,10.900000000000091,0.0
P892,S68,1,1322.2,0.4800000000000182,1,0,0,0,15.450000000000045,618.0,16,0,17,161,11.38000000000011,0.0
P892,S68,1,1323.6,1.3999999999998636,1,0,0,0,16.84999999999991,619.3999999999999,17,0,18,161,12.779999999999973,0.0
P892,S68,1,1323.83,0.2300000000000182,1,0,0,0,17.079999999999927,619.6299999999999,18,0,19,161,13.009999999999991,0.0
P892,S68,1,1324.58,0.75,1,0,0,0,17.829999999999927,620.3799999999999,19,0,20,161,13.759999999999991,0.0
P892,S68,1,1326.57,1.990000000000009,1,0,0,0,19.819999999999936,622.3699999999999,20,0,21,161,15.75,0.0
P892,S68,1,1328.06,1.490000000000009,1,0,0,0,21.309999999999945,623.8599999999999,21,0,22,161,17.24000000000001,0.0
P892,S68,1,1328.21,0.15000000000009095,1,0,0,0,21.460000000000036,624.01,22,0,23,161,17.3900000000001,0.0
P892,S68,1,1328.62,0.4099999999998545,1,0,0,0,21.86999999999989,624.4199999999998,23,0,24,161,17.799999999999955,0.0
P892,S68,1,1329.54,0.9200000000000728,1,0,0,0,22.789999999999964,625.3399999999999,24,0,25,161,18.720000000000027,0.0
P892,S68,1,1329.99,0.4500000000000455,1,0,0,0,23.24000000000001,625.79,25,0,26,161,19.170000000000073,0.0
P892,S68,1,1331.88,1.8900000000001,1,0,0,0,25.13000000000011,627.6800000000001,26,0,27,161,21.060000000000173,0.0
P892,S68,1,1332.59,0.709999999999809,1,0,0,0,25.839999999999918,628.3899999999999,27,0,28,161,21.769999999999982,0.0
P892,S68,1,1332.77,0.18000000000006366,1,0,0,0,26.019999999999982,628.5699999999999,28,0,29,161,21.950000000000045,0.0
P892,S68,1,1334.04,1.2699999999999818,1,0,0,0,27.289999999999964,629.8399999999999,29,0,30,161,23.220000000000027,0.0
P892,S68,1,1334.18,0.14000000000010004,1,0,0,0,27.430000000000064,629.98,30,0,31,161,23.360000000000127,0.0
P892,S68,1,1334.99,0.8099999999999454,1,0,0,0,28.24000000000001,630.79,31,0,32,161,24.170000000000073,0.0
P892,S68,1,1334.99,0.0,1,0,1,0,0.0,630.79,32,0,0,161,0.0,0.0
P892,S68,1,1340.3,5.309999999999945,1,0,0,0,5.309999999999945,636.0999999999999,0,0,1,161,0.0,0.0
P892,S68,1,1341.63,1.3300000000001546,1,0,0,0,6.6400000000001,637.4300000000001,1,0,2,161,1.3300000000001546,0.0
P892,S68,1,1341.84,0.209999999999809,1,0,0,0,6.849999999999909,637.6399999999999,2,0,3,161,1.5399999999999636,0.0
P892,S68,1,1342.16,0.3200000000001637,1,0,0,0,7.170000000000073,637.96,3,0,4,161,1.8600000000001273,0.0
P892,S68,1,1342.54,0.37999999999988177,1,0,0,0,7.5499999999999545,638.3399999999999,4,0,5,161,2.240000000000009,0.0
P892,S68,1,1344.59,2.0499999999999545,1,0,0,0,9.599999999999909,640.3899999999999,5,0,6,161,4.289999999999964,0.0
P892,S68,1,1344.59,0.0,1,0,1,0,0.0,640.3899999999999,6,0,0,161,0.0,0.0
P892,S68,1,1349.31,4.720000000000027,1,0,0,0,4.720000000000027,645.1099999999999,0,0,1,161,0.0,0.0
P892,S68,1,1350.38,1.0700000000001637,1,0,0,0,5.790000000000191,646.1800000000001,1,0,2,161,1.0700000000001637,0.0
P892,S68,1,1350.82,0.4399999999998272,1,0,0,0,6.230000000000018,646.6199999999999,2,0,3,161,1.509999999999991,0.0
P892,S68,1,1351.2,0.38000000000010914,1,0,0,0,6.610000000000127,647.0,3,0,4,161,1.8900000000001,0.0
P892,S68,1,1351.64,0.44000000000005457,1,0,0,0,7.050000000000182,647.44,4,0,5,161,2.3300000000001546,0.0
P892,S68,1,1352.83,1.1899999999998272,1,0,0,0,8.240000000000009,648.6299999999999,5,0,6,161,3.519999999999982,0.0
P892,S68,1,1352.98,0.15000000000009095,1,0,0,0,8.3900000000001,648.78,6,0,7,161,3.6700000000000728,0.0
P892,S68,1,1353.34,0.35999999999989996,1,0,0,0,8.75,649.1399999999999,7,0,8,161,4.029999999999973,0.0
P892,S68,1,1354.78,1.4400000000000546,1,0,0,0,10.190000000000055,650.5799999999999,8,0,9,161,5.470000000000027,0.0
P892,S68,1,1354.78,0.0,1,0,1,0,0.0,650.5799999999999,9,0,0,161,0.0,0.0
P892,S68,1,1361.27,6.490000000000009,1,0,0,0,6.490000000000009,657.0699999999999,0,0,1,161,0.0,0.0
P892,S68,1,1361.43,0.16000000000008185,1,0,0,0,6.650000000000091,657.23,1,0,2,161,0.16000000000008185,0.0
P892,S68,1,1361.78,0.34999999999990905,1,0,0,0,7.0,657.5799999999999,2,0,3,161,0.5099999999999909,0.0
P892,S68,1,1362.3,0.5199999999999818,1,0,0,0,7.519999999999982,658.0999999999999,3,0,4,161,1.0299999999999727,0.0
P892,S68,1,1362.3,0.0,1,0,1,0,0.0,658.0999999999999,4,0,0,161,0.0,0.0
P892,S68,1,1366.63,4.330000000000155,1,0,0,0,4.330000000000155,662.4300000000001,0,0,1,161,0.0,0.0
P892,S68,1,1367.69,1.0599999999999454,1,0,0,0,5.3900000000001,663.49,1,0,2,161,1.0599999999999454,0.0
P892,S68,1,1369.06,1.3699999999998909,1,0,0,0,6.759999999999991,664.8599999999999,2,0,3,161,2.4299999999998363,0.0
P892,S68,1,1369.26,0.20000000000004547,1,0,0,0,6.960000000000036,665.06,3,0,4,161,2.6299999999998818,0.0
P892,S68,1,1370.13,0.8700000000001182,1,0,0,0,7.830000000000155,665.9300000000001,4,0,5,161,3.5,0.0
P892,S68,1,1370.92,0.7899999999999636,1,0,0,0,8.620000000000118,666.72,5,0,6,161,4.289999999999964,0.0
P892,S68,1,1372.24,1.3199999999999363,1,0,0,0,9.940000000000055,668.04,6,0,7,161,5.6099999999999,0.0
P892,S68,1,1372.41,0.17000000000007276,1,0,0,0,10.110000000000127,668.21,7,0,8,161,5.779999999999973,0.0
P892,S68,1,1372.72,0.30999999999994543,1,0,0,0,10.420000000000073,668.52,8,0,9,161,6.089999999999918,0.0
P892,S68,1,1373.16,0.44000000000005457,1,0,0,0,10.860000000000127,668.96,9,0,10,161,6.529999999999973,0.0
P892,S68,1,1373.16,0.0,1,0,1,0,0.0,668.96,10,0,0,161,0.0,0.0
P892,S68,1,1379.14,5.980000000000018,1,0,0,0,5.980000000000018,674.94,0,0,1,161,0.0,0.0
P892,S68,1,1381.24,2.099999999999909,1,0,0,0,8.079999999999927,677.04,1,0,2,161,2.099999999999909,0.0
P892,S68,1,1382.68,1.4400000000000546,1,0,0,0,9.519999999999982,678.48,2,0,3,161,3.5399999999999636,0.0
P892,S68,1,1383.96,1.2799999999999727,1,0,0,0,10.799999999999955,679.76,3,0,4,161,4.819999999999936,0.0
P892,S68,1,1384.14,0.18000000000006366,1,0,0,0,10.980000000000018,679.94,4,0,5,161,5.0,0.0
P892,S68,1,1384.45,0.30999999999994543,1,0,0,0,11.289999999999964,680.25,5,0,6,161,5.309999999999945,0.0
P892,S68,1,1384.65,0.20000000000004547,1,0,0,0,11.490000000000009,680.45,6,0,7,161,5.509999999999991,0.0
P892,S68,1,1385.02,0.36999999999989086,1,0,0,0,11.8599999999999,680.8199999999999,7,0,8,161,5.879999999999882,0.0
P892,S68,1,1385.49,0.4700000000000273,1,0,0,0,12.329999999999927,681.29,8,0,9,161,6.349999999999909,0.0
P892,S68,1,1387.19,1.7000000000000455,1,0,0,0,14.029999999999973,682.99,9,0,10,161,8.049999999999955,0.0
P892,S68,1,1387.34,0.14999999999986358,1,0,0,0,14.179999999999836,683.1399999999999,10,0,11,161,8.199999999999818,0.0
P892,S68,1,1387.68,0.3400000000001455,1,0,0,0,14.519999999999982,683.48,11,0,12,161,8.539999999999964,0.0
P892,S68,1,1388.02,0.33999999999991815,1,0,0,0,14.8599999999999,683.8199999999999,12,0,13,161,8.879999999999882,0.0
P892,S68,1,1388.92,0.900000000000091,1,0,0,0,15.759999999999991,684.72,13,0,14,161,9.779999999999973,0.0
P892,S68,1,1390.31,1.3899999999998727,1,0,0,0,17.149999999999864,686.1099999999999,14,0,15,161,11.169999999999845,0.0
P892,S68,1,1390.59,0.2799999999999727,1,0,0,0,17.429999999999836,686.3899999999999,15,0,16,161,11.449999999999818,0.0
P892,S68,1,1390.96,0.37000000000011823,1,0,0,0,17.799999999999955,686.76,16,0,17,161,11.819999999999936,0.0
P892,S68,1,1391.47,0.5099999999999909,1,0,0,0,18.309999999999945,687.27,17,0,18,161,12.329999999999927,0.0
P892,S68,1,1391.89,0.42000000000007276,1,0,0,0,18.730000000000018,687.69,18,0,19,161,12.75,0.0
P892,S68,1,1393.17,1.2799999999999727,1,0,0,0,20.00999999999999,688.97,19,0,20,161,14.029999999999973,0.0
P892,S68,1,1393.81,0.6399999999998727,1,0,0,0,20.649999999999864,689.6099999999999,20,0,21,161,14.669999999999845,0.0
P892,S68,1,1396.1,2.2899999999999636,1,0,0,0,22.939999999999827,691.8999999999999,21,0,22,161,16.95999999999981,0.0
P892,S68,1,1396.26,0.16000000000008185,1,0,0,0,23.09999999999991,692.06,22,0,23,161,17.11999999999989,0.0
P892,S68,1,1396.63,0.37000000000011823,1,0,0,0,23.470000000000027,692.4300000000001,23,0,24,161,17.49000000000001,0.0
P892,S68,1,1399.39,2.759999999999991,1,0,0,0,26.230000000000018,695.19,24,0,25,161,20.25,0.0
P892,S68,1,1400.13,0.7400000000000091,1,0,0,0,26.970000000000027,695.9300000000001,25,0,26,161,20.99000000000001,0.0
P892,S68,1,1401.54,1.4099999999998545,1,0,0,0,28.37999999999988,697.3399999999999,26,0,27,161,22.399999999999864,0.0
P892,S68,1,1403.63,2.0900000000001455,1,0,0,0,30.470000000000027,699.4300000000001,27,0,28,161,24.49000000000001,0.0
P892,S68,1,1405.84,2.209999999999809,1,0,0,0,32.679999999999836,701.6399999999999,28,0,29,161,26.699999999999818,0.0
P892,S68,1,1405.84,0.0,1,0,1,0,0.0,701.6399999999999,29,0,0,161,0.0,0.0
P892,S68,1,1411.41,5.570000000000164,1,0,0,0,5.570000000000164,707.21,0,0,1,161,0.0,0.0
P892,S68,1,1412.91,1.5,1,0,0,0,7.070000000000164,708.71,1,0,2,161,1.5,0.0
P892,S68,1,1412.91,0.0,1,0,1,0,0.0,708.71,2,0,0,161,0.0,0.0
P892,S68,1,1417.8,4.889999999999873,1,0,0,0,4.889999999999873,713.5999999999999,0,0,1,161,0.0,0.0
P892,S68,1,1418.28,0.4800000000000182,1,0,0,0,5.369999999999891,714.0799999999999,1,0,2,161,0.4800000000000182,0.0
P892,S68,1,1419.11,0.8299999999999272,1,0,0,0,6.199999999999818,714.9099999999999,2,0,3,161,1.3099999999999454,0.0
P892,S68,1,1420.69,1.5800000000001546,1,0,0,0,7.779999999999973,716.49,3,0,4,161,2.8900000000001,0.0
P892,S68,1,1421.02,0.32999999999992724,1,0,0,0,8.1099999999999,716.8199999999999,4,0,5,161,3.2200000000000273,0.0
P892,S68,1,1422.14,1.1200000000001182,1,0,0,0,9.230000000000018,717.94,5,0,6,161,4.3400000000001455,0.0
P892,S68,1,1422.48,0.33999999999991815,1,0,0,0,9.569999999999936,718.28,6,0,7,161,4.680000000000064,0.0
P892,S68,1,1424.09,1.6099999999999,1,0,0,0,11.179999999999836,719.8899999999999,7,0,8,161,6.289999999999964,0.0
P892,S68,1,1424.29,0.20000000000004547,1,0,0,0,11.379999999999882,720.0899999999999,8,0,9,161,6.490000000000009,0.0
P892,S68,1,1424.62,0.32999999999992724,1,0,0,0,11.709999999999809,720.4199999999998,9,0,10,161,6.819999999999936,0.0
P892,S68,1,1426.4,1.7800000000002,1,0,0,0,13.490000000000009,722.2,10,0,11,161,8.600000000000136,0.0
P892,S68,1,1426.73,0.32999999999992724,1,0,0,0,13.819999999999936,722.53,11,0,12,161,8.930000000000064,0.0
P892,S68,1,1427.2,0.4700000000000273,1,0,0,0,14.289999999999964,723.0,12,0,13,161,9.400000000000091,0.0
P892,S68,1,1427.64,0.44000000000005457,1,0,0,0,14.730000000000018,723.44,13,0,14,161,9.840000000000146,0.0
P892,S68,1,1430.99,3.349999999999909,1,0,0,0,18.079999999999927,726.79,14,0,15,161,13.190000000000055,0.0
P892,S68,1,1431.4,0.41000000000008185,1,0,0,0,18.49000000000001,727.2,15,0,16,161,13.600000000000136,0.0
P892,S68,1,1431.79,0.38999999999987267,1,0,0,0,18.87999999999988,727.5899999999999,16,0,17,161,13.990000000000009,0.0
P892,S68,1,1433.14,1.3500000000001364,1,0,0,0,20.230000000000018,728.94,17,0,18,161,15.340000000000146,0.0
P892,S68,1,1433.29,0.14999999999986358,1,0,0,0,20.37999999999988,729.0899999999999,18,0,19,161,15.490000000000009,0.0
P892,S68,1,1433.63,0.3400000000001455,1,0,0,0,20.720000000000027,729.4300000000001,19,0,20,161,15.830000000000155,0.0
P892,S68,1,1435.59,1.959999999999809,1,0,0,0,22.679999999999836,731.3899999999999,20,0,21,161,17.789999999999964,0.0
P892,S68,1,1435.73,0.14000000000010004,1,0,0,0,22.819999999999936,731.53,21,0,22,161,17.930000000000064,0.0
P892,S68,1,1437.48,1.75,1,0,0,0,24.569999999999936,733.28,22,0,23,161,19.680000000000064,0.0
P892,S68,1,1438.33,0.849999999999909,1,0,0,0,25.419999999999845,734.1299999999999,23,0,24,161,20.529999999999973,0.0
P892,S68,1,1440.03,1.7000000000000455,1,0,0,0,27.11999999999989,735.8299999999999,24,0,25,161,22.230000000000018,0.0
P892,S68,1,1440.65,0.6200000000001182,1,0,0,0,27.74000000000001,736.45,25,0,26,161,22.850000000000136,0.0
P892,S68,1,1442.07,1.4199999999998454,1,0,0,0,29.159999999999854,737.8699999999999,26,0,27,161,24.269999999999982,0.0
P892,S68,1,1442.98,0.9100000000000819,1,0,0,0,30.069999999999936,738.78,27,0,28,161,25.180000000000064,0.0
P892,S68,1,1444.59,1.6099999999999,1,0,0,0,31.679999999999836,740.3899999999999,28,0,29,161,26.789999999999964,0.0
P892,S68,1,1446.25,1.6600000000000819,1,0,0,0,33.33999999999992,742.05,29,0,30,161,28.450000000000045,0.0
P892,S68,1,1446.77,0.5199999999999818,1,0,0,0,33.8599999999999,742.5699999999999,30,0,31,161,28.970000000000027,0.0
P892,S68,1,1448.42,1.650000000000091,1,0,0,0,35.50999999999999,744.22,31,0,32,161,30.62000000000012,0.0
P892,S68,1,1457.08,8.659999999999854,1,0,0,0,44.169999999999845,752.8799999999999,32,0,33,161,39.27999999999997,0.0
P892,S68,1,1457.44,0.36000000000012733,1,0,0,0,44.52999999999997,753.24,33,0,34,161,39.6400000000001,0.0
P892,S68,1,1457.83,0.38999999999987267,1,0,0,0,44.919999999999845,753.6299999999999,34,0,35,161,40.02999999999997,0.0
P892,S68,1,1461.02,3.1900000000000546,1,0,0,0,48.1099999999999,756.8199999999999,35,0,36,161,43.22000000000003,0.0
P892,S68,1,1462.04,1.0199999999999818,1,0,0,0,49.12999999999988,757.8399999999999,36,0,37,161,44.24000000000001,0.0
P892,S68,1,1463.71,1.6700000000000728,1,0,0,0,50.799999999999955,759.51,37,0,38,161,45.91000000000008,0.0
P892,S68,1,1465.29,1.5799999999999272,1,0,0,0,52.37999999999988,761.0899999999999,38,0,39,161,47.49000000000001,0.0
P892,S68,1,1465.94,0.650000000000091,1,0,0,0,53.02999999999997,761.74,39,0,40,161,48.1400000000001,0.0
P892,S68,1,1465.94,0.0,1,0,1,0,0.0,761.74,40,0,0,161,0.0,0.0
P892,S68,1,1472.07,6.129999999999882,1,0,0,0,6.129999999999882,767.8699999999999,0,0,1,161,0.0,0.0
P892,S68,1,1472.44,0.37000000000011823,1,0,0,0,6.5,768.24,1,0,2,161,0.37000000000011823,0.0
P892,S68,1,1473.82,1.3799999999998818,1,0,0,0,7.879999999999882,769.6199999999999,2,0,3,161,1.75,0.0
P892,S68,1,1477.06,3.240000000000009,1,0,0,0,11.11999999999989,772.8599999999999,3,0,4,161,4.990000000000009,0.0
P892,S68,1,1477.06,0.0,1,0,1,0,0.0,772.8599999999999,4,0,0,161,0.0,0.0
P892,S68,1,1482.41,5.350000000000136,1,0,0,0,5.350000000000136,778.21,0,0,1,161,0.0,0.0
P892,S68,1,1482.61,0.1999999999998181,1,0,0,0,5.5499999999999545,778.4099999999999,1,0,2,161,0.1999999999998181,0.0
P892,S68,1,1482.96,0.3500000000001364,1,0,0,0,5.900000000000091,778.76,2,0,3,161,0.5499999999999545,0.0
P892,S68,1,1483.37,0.4099999999998545,1,0,0,0,6.309999999999945,779.1699999999998,3,0,4,161,0.959999999999809,0.0
P892,S68,1,1484.86,1.490000000000009,1,0,0,0,7.7999999999999545,780.6599999999999,4,0,5,161,2.449999999999818,0.0
P892,S68,1,1485.21,0.3500000000001364,1,0,0,0,8.150000000000091,781.01,5,0,6,161,2.7999999999999545,0.0
P892,S68,1,1485.69,0.4800000000000182,1,0,0,0,8.63000000000011,781.49,6,0,7,161,3.2799999999999727,0.0
P892,S68,1,1486.3,0.6099999999999,1,0,0,0,9.240000000000009,782.0999999999999,7,0,8,161,3.8899999999998727,0.0
P892,S68,1,1487.52,1.2200000000000273,1,0,0,0,10.460000000000036,783.3199999999999,8,0,9,161,5.1099999999999,0.0
P892,S68,1,1487.8,0.2799999999999727,1,0,0,0,10.740000000000009,783.5999999999999,9,0,10,161,5.389999999999873,0.0
P892,S68,1,1489.5,1.7000000000000455,1,0,0,0,12.440000000000055,785.3,10,0,11,161,7.089999999999918,0.0
P892,S68,1,1489.82,0.31999999999993634,1,0,0,0,12.759999999999991,785.6199999999999,11,0,12,161,7.4099999999998545,0.0
P892,S68,1,1490.26,0.44000000000005457,1,0,0,0,13.200000000000045,786.06,12,0,13,161,7.849999999999909,0.0
P892,S68,1,1492.07,1.8099999999999454,1,0,0,0,15.009999999999991,787.8699999999999,13,0,14,161,9.659999999999854,0.0
P892,S68,1,1492.44,0.37000000000011823,1,0,0,0,15.38000000000011,788.24,14,0,15,161,10.029999999999973,0.0
P892,S68,1,1493.32,0.8799999999998818,1,0,0,0,16.25999999999999,789.1199999999999,15,0,16,161,10.909999999999854,0.0
P892,S68,1,1494.59,1.2699999999999818,1,0,0,0,17.529999999999973,790.3899999999999,16,0,17,161,12.179999999999836,0.0
P892,S68,1,1494.9,0.3100000000001728,1,0,0,0,17.840000000000146,790.7,17,0,18,161,12.490000000000009,0.0
P892,S68,1,1495.08,0.1799999999998363,1,0,0,0,18.019999999999982,790.8799999999999,18,0,19,161,12.669999999999845,0.0
P892,S68,1,1495.54,0.4600000000000364,1,0,0,0,18.480000000000018,791.3399999999999,19,0,20,161,13.129999999999882,0.0
P892,S68,1,1496.84,1.2999999999999545,1,0,0,0,19.779999999999973,792.6399999999999,20,0,21,161,14.429999999999836,0.0
P892,S68,1,1497.29,0.4500000000000455,1,0,0,0,20.230000000000018,793.0899999999999,21,0,22,161,14.879999999999882,0.0
P892,S68,1,1497.82,0.5299999999999727,1,0,0,0,20.75999999999999,793.6199999999999,22,0,23,161,15.409999999999854,0.0
P892,S68,1,1499.65,1.8300000000001546,1,0,0,0,22.590000000000146,795.45,23,0,24,161,17.24000000000001,0.0
P892,S68,1,1504.92,5.269999999999982,1,0,0,0,27.860000000000127,800.72,24,0,25,161,22.50999999999999,0.0
P892,S68,1,1506.52,1.599999999999909,1,0,0,0,29.460000000000036,802.3199999999999,25,0,26,161,24.1099999999999,0.0
P892,S68,1,1506.66,0.14000000000010004,1,0,0,0,29.600000000000136,802.46,26,0,27,161,24.25,0.0
P892,S68,1,1507.04,0.37999999999988177,1,0,0,0,29.980000000000018,802.8399999999999,27,0,28,161,24.62999999999988,0.0
P892,S68,1,1507.38,0.3400000000001455,1,0,0,0,30.320000000000164,803.1800000000001,28,0,29,161,24.970000000000027,0.0
P892,S68,1,1509.1,1.7199999999998,1,0,0,0,32.039999999999964,804.8999999999999,29,0,30,161,26.689999999999827,0.0
P892,S68,1,1509.31,0.21000000000003638,1,0,0,0,32.25,805.1099999999999,30,0,31,161,26.899999999999864,0.0
P892,S68,1,1511.49,2.1800000000000637,1,0,0,0,34.430000000000064,807.29,31,0,32,161,29.079999999999927,0.0
P892,S68,1,1512.9,1.4100000000000819,1,0,0,0,35.840000000000146,808.7,32,0,33,161,30.49000000000001,0.0
P892,S68,1,1513.09,0.1899999999998272,1,0,0,0,36.02999999999997,808.8899999999999,33,0,34,161,30.679999999999836,0.0
P892,S68,1,1514.88,1.790000000000191,1,0,0,0,37.820000000000164,810.6800000000001,34,0,35,161,32.47000000000003,0.0
P892,S68,1,1515.22,0.33999999999991815,1,0,0,0,38.16000000000008,811.02,35,0,36,161,32.809999999999945,0.0
P892,S68,1,1515.62,0.3999999999998636,1,0,0,0,38.559999999999945,811.4199999999998,36,0,37,161,33.20999999999981,0.0
P892,S68,1,1517.65,2.0300000000002,1,0,0,0,40.590000000000146,813.45,37,0,38,161,35.24000000000001,0.0
P892,S68,1,1518.02,0.36999999999989086,1,0,0,0,40.960000000000036,813.8199999999999,38,0,39,161,35.6099999999999,0.0
P892,S68,1,1519.97,1.9500000000000455,1,0,0,0,42.91000000000008,815.77,39,0,40,161,37.559999999999945,0.0
P892,S68,1,1520.33,0.35999999999989996,1,0,0,0,43.26999999999998,816.1299999999999,40,0,41,161,37.919999999999845,0.0
P892,S68,1,1521.11,0.7799999999999727,1,0,0,0,44.049999999999955,816.9099999999999,41,0,42,161,38.69999999999982,0.0
P892,S68,1,1521.11,0.0,1,0,1,0,0.0,816.9099999999999,42,0,0,161,0.0,0.0
P892,S68,1,1526.22,5.110000000000127,1,0,0,0,5.110000000000127,822.02,0,0,1,161,0.0,0.0
P892,S68,1,1526.59,0.36999999999989086,1,0,0,0,5.480000000000018,822.3899999999999,1,0,2,161,0.36999999999989086,0.0
P892,S68,1,1527.13,0.540000000000191,1,0,0,0,6.020000000000209,822.9300000000001,2,0,3,161,0.9100000000000819,0.0
P892,S68,1,1527.3,0.16999999999984539,1,0,0,0,6.190000000000055,823.0999999999999,3,0,4,161,1.0799999999999272,0.0
P892,S68,1,1528.53,1.2300000000000182,1,0,0,0,7.420000000000073,824.3299999999999,4,0,5,161,2.3099999999999454,0.0
P892,S68,1,1528.91,0.38000000000010914,1,0,0,0,7.800000000000182,824.71,5,0,6,161,2.6900000000000546,0.0
P892,S68,1,1529.23,0.31999999999993634,1,0,0,0,8.120000000000118,825.03,6,0,7,161,3.009999999999991,0.0
P892,S68,1,1530.59,1.3599999999999,1,0,0,0,9.480000000000018,826.3899999999999,7,0,8,161,4.369999999999891,0.0
P892,S68,1,1530.95,0.36000000000012733,1,0,0,0,9.840000000000146,826.75,8,0,9,161,4.730000000000018,0.0
P892,S68,1,1531.37,0.4199999999998454,1,0,0,0,10.259999999999991,827.1699999999998,9,0,10,161,5.149999999999864,0.0
P892,S68,1,1532.79,1.4200000000000728,1,0,0,0,11.680000000000064,828.5899999999999,10,0,11,161,6.569999999999936,0.0
P892,S68,1,1532.92,0.13000000000010914,1,0,0,0,11.810000000000173,828.72,11,0,12,161,6.7000000000000455,0.0
P892,S68,1,1533.33,0.4099999999998545,1,0,0,0,12.220000000000027,829.1299999999999,12,0,13,161,7.1099999999999,0.0
P892,S68,1,1534.69,1.3600000000001273,1,0,0,0,13.580000000000155,830.49,13,0,14,161,8.470000000000027,0.0
P892,S68,1,1534.69,0.0,1,0,1,0,0.0,830.49,14,0,0,161,0.0,0.0
