bird,session,pair,time,time_diff,resp_RI,resp_RR,reward_RI,reward_RR,time_since_last_reward_RI,time_since_last_reward_RR,visit_lenght_response_RI,visit_lenght_response_RR,responses_before_reward_RI,responses_before_reward_RR,visit_lenght_time_RI,visit_lenght_time_RR
P168,S92,9,0.0,0.0,0,0,0,0,0.0,0.0,0,0,0,0,0.0,0.0
P168,S92,9,816.09,816.09,1,0,0,0,816.09,816.09,0,0,1,0,0.0,0.0
P168,S92,9,816.21,0.12000000000000455,1,0,0,0,816.21,816.21,1,0,2,0,0.12000000000000455,0.0
P168,S92,9,816.3,0.08999999999991815,1,0,0,0,816.3,816.3,2,0,3,0,0.2099999999999227,0.0
P168,S92,9,816.39,0.09000000000003183,1,0,0,0,816.39,816.39,3,0,4,0,0.2999999999999545,0.0
P168,S92,9,817.89,1.5,0,1,0,0,817.89,817.89,0,0,4,1,0.0,0.0
P168,S92,9,818.03,0.13999999999998636,0,1,0,0,818.03,818.03,0,1,4,2,0.0,0.13999999999998636
P168,S92,9,818.32,0.2900000000000773,0,1,0,0,818.32,818.32,0,2,4,3,0.0,0.43000000000006366
P168,S92,9,818.41,0.08999999999991815,0,1,0,0,818.41,818.41,0,3,4,4,0.0,0.5199999999999818
P168,S92,9,818.5,0.09000000000003183,0,1,0,0,818.5,818.5,0,4,4,5,0.0,0.6100000000000136
P168,S92,9,818.62,0.12000000000000455,0,1,0,0,818.62,818.62,0,5,4,6,0.0,0.7300000000000182
P168,S92,9,818.62,0.12000000000000455,0,1,0,1,818.74,0.0,0,6,4,0,0.0,0.12000000000000455
P168,S92,9,823.61,4.990000000000009,0,1,0,0,823.73,4.990000000000009,0,0,4,1,0.0,0.0
P168,S92,9,824.22,0.6100000000000136,0,1,0,0,824.34,5.600000000000023,0,1,4,2,0.0,0.6100000000000136
P168,S92,9,824.33,0.11000000000001364,0,1,0,0,824.45,5.710000000000036,0,2,4,3,0.0,0.7200000000000273
P168,S92,9,825.04,0.7099999999999227,0,1,0,0,825.16,6.419999999999959,0,3,4,4,0.0,1.42999999999995
P168,S92,9,825.26,0.22000000000002728,0,1,0,0,825.38,6.639999999999986,0,4,4,5,0.0,1.6499999999999773
P168,S92,9,825.79,0.5299999999999727,0,1,0,0,825.91,7.169999999999959,0,5,4,6,0.0,2.17999999999995
P168,S92,9,825.9,0.11000000000001364,0,1,0,0,826.02,7.279999999999973,0,6,4,7,0.0,2.2899999999999636
P168,S92,9,826.05,0.14999999999997726,0,1,0,0,826.17,7.42999999999995,0,7,4,8,0.0,2.439999999999941
P168,S92,9,826.29,0.2400000000000091,0,1,0,0,826.41,7.669999999999959,0,8,4,9,0.0,2.67999999999995
P168,S92,9,826.69,0.40000000000009095,0,1,0,0,826.8100000000001,8.07000000000005,0,9,4,10,0.0,3.080000000000041
P168,S92,9,826.78,0.08999999999991815,0,1,0,0,826.9,8.159999999999968,0,10,4,11,0.0,3.169999999999959
P168,S92,9,827.14,0.36000000000001364,0,1,0,0,827.26,8.519999999999982,0,11,4,12,0.0,3.5299999999999727
P168,S92,9,827.21,0.07000000000005002,0,1,0,0,827.33,8.590000000000032,0,12,4,13,0.0,3.6000000000000227
P168,S92,9,827.64,0.42999999999995,0,1,0,0,827.76,9.019999999999982,0,13,4,14,0.0,4.029999999999973
P168,S92,9,827.72,0.08000000000004093,0,1,0,0,827.84,9.100000000000023,0,14,4,15,0.0,4.110000000000014
P168,S92,9,828.32,0.6000000000000227,0,1,0,0,828.44,9.700000000000045,0,15,4,16,0.0,4.710000000000036
P168,S92,9,828.7,0.37999999999999545,0,1,0,0,828.82,10.080000000000041,0,16,4,17,0.0,5.090000000000032
P168,S92,9,828.79,0.08999999999991815,0,1,0,0,828.91,10.169999999999959,0,17,4,18,0.0,5.17999999999995
P168,S92,9,829.18,0.38999999999998636,0,1,0,0,829.3,10.559999999999945,0,18,4,19,0.0,5.569999999999936
P168,S92,9,829.53,0.35000000000002274,0,1,0,0,829.65,10.909999999999968,0,19,4,20,0.0,5.919999999999959
P168,S92,9,829.64,0.11000000000001364,0,1,0,0,829.76,11.019999999999982,0,20,4,21,0.0,6.029999999999973
P168,S92,9,830.02,0.37999999999999545,0,1,0,0,830.14,11.399999999999977,0,21,4,22,0.0,6.409999999999968
P168,S92,9,830.5,0.4800000000000182,0,1,0,0,830.62,11.879999999999995,0,22,4,23,0.0,6.889999999999986
P168,S92,9,830.65,0.14999999999997726,0,1,0,0,830.77,12.029999999999973,0,23,4,24,0.0,7.039999999999964
P168,S92,9,830.74,0.09000000000003183,0,1,0,0,830.86,12.120000000000005,0,24,4,25,0.0,7.1299999999999955
P168,S92,9,831.23,0.4900000000000091,0,1,0,0,831.35,12.610000000000014,0,25,4,26,0.0,7.6200000000000045
P168,S92,9,831.59,0.36000000000001364,0,1,0,0,831.71,12.970000000000027,0,26,4,27,0.0,7.980000000000018
P168,S92,9,831.73,0.13999999999998636,0,1,0,0,831.85,13.110000000000014,0,27,4,28,0.0,8.120000000000005
P168,S92,9,832.16,0.42999999999995,0,1,0,0,832.28,13.539999999999964,0,28,4,29,0.0,8.549999999999955
P168,S92,9,832.25,0.09000000000003183,0,1,0,0,832.37,13.629999999999995,0,29,4,30,0.0,8.639999999999986
P168,S92,9,832.25,0.09000000000003183,0,1,0,1,832.46,0.0,0,30,4,0,0.0,0.09000000000003183
P168,S92,9,836.68,4.42999999999995,0,1,0,0,836.89,4.42999999999995,0,0,4,1,0.0,0.0
P168,S92,9,836.81,0.12999999999999545,0,1,0,0,837.02,4.559999999999945,0,1,4,2,0.0,0.12999999999999545
P168,S92,9,837.03,0.22000000000002728,0,1,0,0,837.24,4.779999999999973,0,2,4,3,0.0,0.35000000000002274
P168,S92,9,837.12,0.09000000000003183,0,1,0,0,837.33,4.8700000000000045,0,3,4,4,0.0,0.44000000000005457
P168,S92,9,837.22,0.10000000000002274,0,1,0,0,837.4300000000001,4.970000000000027,0,4,4,5,0.0,0.5400000000000773
P168,S92,9,837.46,0.2400000000000091,0,1,0,0,837.6700000000001,5.210000000000036,0,5,4,6,0.0,0.7800000000000864
P168,S92,9,837.58,0.12000000000000455,0,1,0,0,837.7900000000001,5.330000000000041,0,6,4,7,0.0,0.900000000000091
P168,S92,9,837.69,0.11000000000001364,0,1,0,0,837.9000000000001,5.440000000000055,0,7,4,8,0.0,1.0100000000001046
P168,S92,9,837.79,0.09999999999990905,0,1,0,0,838.0,5.539999999999964,0,8,4,9,0.0,1.1100000000000136
P168,S92,9,837.89,0.10000000000002274,0,1,0,0,838.1,5.639999999999986,0,9,4,10,0.0,1.2100000000000364
P168,S92,9,838.56,0.6699999999999591,0,1,0,0,838.77,6.309999999999945,0,10,4,11,0.0,1.8799999999999955
P168,S92,9,838.91,0.35000000000002274,0,1,0,0,839.12,6.659999999999968,0,11,4,12,0.0,2.230000000000018
P168,S92,9,838.98,0.07000000000005002,0,1,0,0,839.19,6.730000000000018,0,12,4,13,0.0,2.300000000000068
P168,S92,9,839.38,0.39999999999997726,0,1,0,0,839.59,7.1299999999999955,0,13,4,14,0.0,2.7000000000000455
P168,S92,9,839.8,0.4199999999999591,0,1,0,0,840.01,7.5499999999999545,0,14,4,15,0.0,3.1200000000000045
P168,S92,9,839.89,0.09000000000003183,0,1,0,0,840.1,7.639999999999986,0,15,4,16,0.0,3.2100000000000364
P168,S92,9,840.26,0.37000000000000455,0,1,0,0,840.47,8.009999999999991,0,16,4,17,0.0,3.580000000000041
P168,S92,9,840.36,0.10000000000002274,0,1,0,0,840.57,8.110000000000014,0,17,4,18,0.0,3.6800000000000637
P168,S92,9,840.77,0.40999999999996817,0,1,0,0,840.98,8.519999999999982,0,18,4,19,0.0,4.090000000000032
P168,S92,9,841.21,0.44000000000005457,0,1,0,0,841.4200000000001,8.960000000000036,0,19,4,20,0.0,4.530000000000086
P168,S92,9,843.2,1.990000000000009,1,0,0,0,843.4100000000001,10.950000000000045,0,0,5,20,0.0,0.0
P168,S92,9,843.82,0.6200000000000045,1,0,0,0,844.0300000000001,11.57000000000005,1,0,6,20,0.6200000000000045,0.0
P168,S92,9,844.42,0.599999999999909,1,0,0,0,844.63,12.169999999999959,2,0,7,20,1.2199999999999136,0.0
P168,S92,9,844.76,0.34000000000003183,1,0,0,0,844.97,12.509999999999991,3,0,8,20,1.5599999999999454,0.0
P168,S92,9,845.29,0.5299999999999727,1,0,0,0,845.5,13.039999999999964,4,0,9,20,2.089999999999918,0.0
P168,S92,9,847.25,1.9600000000000364,1,0,0,0,847.46,15.0,5,0,10,20,4.0499999999999545,0.0
P168,S92,9,848.18,0.92999999999995,1,0,0,0,848.39,15.92999999999995,6,0,11,20,4.9799999999999045,0.0
P168,S92,9,848.27,0.09000000000003183,1,0,0,0,848.48,16.019999999999982,7,0,12,20,5.069999999999936,0.0
P168,S92,9,848.4,0.12999999999999545,1,0,0,0,848.61,16.149999999999977,8,0,13,20,5.199999999999932,0.0
P168,S92,9,848.5,0.10000000000002274,1,0,0,0,848.71,16.25,9,0,14,20,5.2999999999999545,0.0
P168,S92,9,850.25,1.75,0,1,0,0,850.46,18.0,0,0,14,21,0.0,0.0
P168,S92,9,850.44,0.19000000000005457,0,1,0,0,850.6500000000001,18.190000000000055,0,1,14,22,0.0,0.19000000000005457
P168,S92,9,850.53,0.08999999999991815,0,1,0,0,850.74,18.279999999999973,0,2,14,23,0.0,0.2799999999999727
P168,S92,9,850.64,0.11000000000001364,0,1,0,0,850.85,18.389999999999986,0,3,14,24,0.0,0.38999999999998636
P168,S92,9,851.12,0.4800000000000182,0,1,0,0,851.33,18.870000000000005,0,4,14,25,0.0,0.8700000000000045
P168,S92,9,851.24,0.12000000000000455,0,1,0,0,851.45,18.99000000000001,0,5,14,26,0.0,0.9900000000000091
P168,S92,9,851.66,0.4199999999999591,0,1,0,0,851.87,19.409999999999968,0,6,14,27,0.0,1.4099999999999682
P168,S92,9,852.23,0.57000000000005,0,1,0,0,852.44,19.980000000000018,0,7,14,28,0.0,1.9800000000000182
P168,S92,9,852.63,0.39999999999997726,0,1,0,0,852.84,20.379999999999995,0,8,14,29,0.0,2.3799999999999955
P168,S92,9,852.95,0.32000000000005,0,1,0,0,853.1600000000001,20.700000000000045,0,9,14,30,0.0,2.7000000000000455
P168,S92,9,853.27,0.31999999999993634,0,1,0,0,853.48,21.019999999999982,0,10,14,31,0.0,3.019999999999982
P168,S92,9,853.37,0.10000000000002274,0,1,0,0,853.58,21.120000000000005,0,11,14,32,0.0,3.1200000000000045
P168,S92,9,853.7,0.3300000000000409,0,1,0,0,853.9100000000001,21.450000000000045,0,12,14,33,0.0,3.4500000000000455
P168,S92,9,853.81,0.10999999999989996,0,1,0,0,854.02,21.559999999999945,0,13,14,34,0.0,3.5599999999999454
P168,S92,9,854.18,0.37000000000000455,0,1,0,0,854.39,21.92999999999995,0,14,14,35,0.0,3.92999999999995
P168,S92,9,855.46,1.2800000000000864,0,1,0,0,855.6700000000001,23.210000000000036,0,15,14,36,0.0,5.210000000000036
P168,S92,9,855.87,0.40999999999996817,0,1,0,0,856.08,23.620000000000005,0,16,14,37,0.0,5.6200000000000045
P168,S92,9,855.98,0.11000000000001364,0,1,0,0,856.19,23.730000000000018,0,17,14,38,0.0,5.730000000000018
P168,S92,9,856.35,0.37000000000000455,0,1,0,0,856.5600000000001,24.100000000000023,0,18,14,39,0.0,6.100000000000023
P168,S92,9,856.46,0.11000000000001364,0,1,0,0,856.6700000000001,24.210000000000036,0,19,14,40,0.0,6.210000000000036
P168,S92,9,856.57,0.11000000000001364,0,1,0,0,856.7800000000001,24.32000000000005,0,20,14,41,0.0,6.32000000000005
P168,S92,9,857.02,0.4499999999999318,0,1,0,0,857.23,24.769999999999982,0,21,14,42,0.0,6.769999999999982
P168,S92,9,857.1,0.08000000000004093,0,1,0,0,857.3100000000001,24.850000000000023,0,22,14,43,0.0,6.850000000000023
P168,S92,9,857.59,0.4900000000000091,0,1,0,0,857.8000000000001,25.340000000000032,0,23,14,44,0.0,7.340000000000032
P168,S92,9,858.02,0.42999999999995,0,1,0,0,858.23,25.769999999999982,0,24,14,45,0.0,7.769999999999982
P168,S92,9,859.75,1.7300000000000182,1,0,0,0,859.96,27.5,0,0,15,45,0.0,0.0
P168,S92,9,860.59,0.8400000000000318,1,0,0,0,860.8000000000001,28.340000000000032,1,0,16,45,0.8400000000000318,0.0
P168,S92,9,861.02,0.42999999999995,1,0,0,0,861.23,28.769999999999982,2,0,17,45,1.2699999999999818,0.0
P168,S92,9,863.5,2.480000000000018,0,1,0,0,863.71,31.25,0,0,17,46,0.0,0.0
P168,S92,9,863.63,0.12999999999999545,0,1,0,0,863.84,31.379999999999995,0,1,17,47,0.0,0.12999999999999545
P168,S92,9,863.77,0.13999999999998636,0,1,0,0,863.98,31.519999999999982,0,2,17,48,0.0,0.2699999999999818
P168,S92,9,864.34,0.57000000000005,0,1,0,0,864.5500000000001,32.09000000000003,0,3,17,49,0.0,0.8400000000000318
P168,S92,9,864.44,0.10000000000002274,0,1,0,0,864.6500000000001,32.190000000000055,0,4,17,50,0.0,0.9400000000000546
P168,S92,9,864.54,0.09999999999990905,0,1,0,0,864.75,32.289999999999964,0,5,17,51,0.0,1.0399999999999636
P168,S92,9,864.62,0.08000000000004093,0,1,0,0,864.83,32.370000000000005,0,6,17,52,0.0,1.1200000000000045
P168,S92,9,865.16,0.5399999999999636,0,1,0,0,865.37,32.90999999999997,0,7,17,53,0.0,1.6599999999999682
P168,S92,9,865.51,0.35000000000002274,0,1,0,0,865.72,33.25999999999999,0,8,17,54,0.0,2.009999999999991
P168,S92,9,865.62,0.11000000000001364,0,1,0,0,865.83,33.370000000000005,0,9,17,55,0.0,2.1200000000000045
P168,S92,9,866.08,0.4600000000000364,0,1,0,0,866.2900000000001,33.83000000000004,0,10,17,56,0.0,2.580000000000041
P168,S92,9,866.45,0.37000000000000455,0,1,0,0,866.6600000000001,34.200000000000045,0,11,17,57,0.0,2.9500000000000455
P168,S92,9,866.58,0.12999999999999545,0,1,0,0,866.7900000000001,34.33000000000004,0,12,17,58,0.0,3.080000000000041
P168,S92,9,866.91,0.32999999999992724,0,1,0,0,867.12,34.65999999999997,0,13,17,59,0.0,3.409999999999968
P168,S92,9,867.36,0.4500000000000455,0,1,0,0,867.57,35.110000000000014,0,14,17,60,0.0,3.8600000000000136
P168,S92,9,867.69,0.3300000000000409,0,1,0,0,867.9000000000001,35.440000000000055,0,15,17,61,0.0,4.190000000000055
P168,S92,9,868.11,0.4199999999999591,0,1,0,0,868.32,35.860000000000014,0,16,17,62,0.0,4.610000000000014
P168,S92,9,868.49,0.37999999999999545,0,1,0,0,868.7,36.24000000000001,0,17,17,63,0.0,4.990000000000009
P168,S92,9,868.84,0.35000000000002274,0,1,0,0,869.0500000000001,36.59000000000003,0,18,17,64,0.0,5.340000000000032
P168,S92,9,869.26,0.4199999999999591,0,1,0,0,869.47,37.00999999999999,0,19,17,65,0.0,5.759999999999991
P168,S92,9,869.58,0.32000000000005,0,1,0,0,869.7900000000001,37.33000000000004,0,20,17,66,0.0,6.080000000000041
P168,S92,9,869.94,0.36000000000001364,0,1,0,0,870.1500000000001,37.690000000000055,0,21,17,67,0.0,6.440000000000055
P168,S92,9,870.34,0.39999999999997726,0,1,0,0,870.5500000000001,38.09000000000003,0,22,17,68,0.0,6.840000000000032
P168,S92,9,872.08,1.740000000000009,0,1,0,0,872.2900000000001,39.83000000000004,0,23,17,69,0.0,8.580000000000041
P168,S92,9,872.18,0.09999999999990905,0,1,0,0,872.39,39.92999999999995,0,24,17,70,0.0,8.67999999999995
P168,S92,9,872.27,0.09000000000003183,0,1,0,0,872.48,40.01999999999998,0,25,17,71,0.0,8.769999999999982
P168,S92,9,872.37,0.10000000000002274,0,1,0,0,872.58,40.120000000000005,0,26,17,72,0.0,8.870000000000005
P168,S92,9,872.52,0.14999999999997726,0,1,0,0,872.73,40.26999999999998,0,27,17,73,0.0,9.019999999999982
P168,S92,9,872.62,0.10000000000002274,0,1,0,0,872.83,40.370000000000005,0,28,17,74,0.0,9.120000000000005
P168,S92,9,873.08,0.4600000000000364,0,1,0,0,873.2900000000001,40.83000000000004,0,29,17,75,0.0,9.580000000000041
P168,S92,9,873.21,0.12999999999999545,0,1,0,0,873.4200000000001,40.960000000000036,0,30,17,76,0.0,9.710000000000036
P168,S92,9,873.63,0.4199999999999591,0,1,0,0,873.84,41.379999999999995,0,31,17,77,0.0,10.129999999999995
P168,S92,9,873.96,0.3300000000000409,0,1,0,0,874.1700000000001,41.710000000000036,0,32,17,78,0.0,10.460000000000036
P168,S92,9,874.06,0.09999999999990905,0,1,0,0,874.27,41.809999999999945,0,33,17,79,0.0,10.559999999999945
P168,S92,9,874.41,0.35000000000002274,0,1,0,0,874.62,42.15999999999997,0,34,17,80,0.0,10.909999999999968
P168,S92,9,874.51,0.10000000000002274,0,1,0,0,874.72,42.25999999999999,0,35,17,81,0.0,11.009999999999991
P168,S92,9,874.87,0.36000000000001364,0,1,0,0,875.08,42.620000000000005,0,36,17,82,0.0,11.370000000000005
P168,S92,9,875.27,0.39999999999997726,0,1,0,0,875.48,43.01999999999998,0,37,17,83,0.0,11.769999999999982
P168,S92,9,875.72,0.4500000000000455,0,1,0,0,875.9300000000001,43.47000000000003,0,38,17,84,0.0,12.220000000000027
P168,S92,9,876.08,0.36000000000001364,0,1,0,0,876.2900000000001,43.83000000000004,0,39,17,85,0.0,12.580000000000041
P168,S92,9,876.16,0.07999999999992724,0,1,0,0,876.37,43.90999999999997,0,40,17,86,0.0,12.659999999999968
P168,S92,9,876.55,0.38999999999998636,0,1,0,0,876.76,44.299999999999955,0,41,17,87,0.0,13.049999999999955
P168,S92,9,876.86,0.3100000000000591,0,1,0,0,877.07,44.610000000000014,0,42,17,88,0.0,13.360000000000014
P168,S92,9,877.23,0.37000000000000455,0,1,0,0,877.44,44.98000000000002,0,43,17,89,0.0,13.730000000000018
P168,S92,9,877.57,0.34000000000003183,0,1,0,0,877.7800000000001,45.32000000000005,0,44,17,90,0.0,14.07000000000005
P168,S92,9,879.05,1.4799999999999045,1,0,0,0,879.26,46.799999999999955,0,0,18,90,0.0,0.0
P168,S92,9,879.38,0.3300000000000409,1,0,0,0,879.59,47.129999999999995,1,0,19,90,0.3300000000000409,0.0
P168,S92,9,879.74,0.36000000000001364,1,0,0,0,879.95,47.49000000000001,2,0,20,90,0.6900000000000546,0.0
P168,S92,9,880.1,0.36000000000001364,1,0,0,0,880.3100000000001,47.85000000000002,3,0,21,90,1.0500000000000682,0.0
P168,S92,9,880.6,0.5,1,0,0,0,880.8100000000001,48.35000000000002,4,0,22,90,1.5500000000000682,0.0
P168,S92,9,881.07,0.4700000000000273,1,0,0,0,881.2800000000001,48.82000000000005,5,0,23,90,2.0200000000000955,0.0
P168,S92,9,884.52,3.449999999999932,1,0,0,0,884.73,52.26999999999998,6,0,24,90,5.470000000000027,0.0
P168,S92,9,885.13,0.6100000000000136,1,0,0,0,885.34,52.879999999999995,7,0,25,90,6.080000000000041,0.0
P168,S92,9,886.65,1.5199999999999818,0,1,0,0,886.86,54.39999999999998,0,0,25,91,0.0,0.0
P168,S92,9,886.82,0.17000000000007276,0,1,0,0,887.0300000000001,54.57000000000005,0,1,25,92,0.0,0.17000000000007276
P168,S92,9,886.92,0.09999999999990905,0,1,0,0,887.13,54.66999999999996,0,2,25,93,0.0,0.2699999999999818
P168,S92,9,887.05,0.12999999999999545,0,1,0,0,887.26,54.799999999999955,0,3,25,94,0.0,0.39999999999997726
P168,S92,9,887.46,0.41000000000008185,0,1,0,0,887.6700000000001,55.210000000000036,0,4,25,95,0.0,0.8100000000000591
P168,S92,9,887.82,0.36000000000001364,0,1,0,0,888.0300000000001,55.57000000000005,0,5,25,96,0.0,1.1700000000000728
P168,S92,9,887.93,0.10999999999989996,0,1,0,0,888.14,55.67999999999995,0,6,25,97,0.0,1.2799999999999727
P168,S92,9,888.31,0.37999999999999545,0,1,0,0,888.52,56.059999999999945,0,7,25,98,0.0,1.6599999999999682
P168,S92,9,888.8,0.4900000000000091,0,1,0,0,889.01,56.549999999999955,0,8,25,99,0.0,2.1499999999999773
P168,S92,9,889.24,0.44000000000005457,0,1,0,0,889.45,56.99000000000001,0,9,25,100,0.0,2.590000000000032
P168,S92,9,889.68,0.4399999999999409,0,1,0,0,889.89,57.42999999999995,0,10,25,101,0.0,3.0299999999999727
P168,S92,9,890.0,0.32000000000005,0,1,0,0,890.21,57.75,0,11,25,102,0.0,3.3500000000000227
P168,S92,9,890.1,0.10000000000002274,0,1,0,0,890.3100000000001,57.85000000000002,0,12,25,103,0.0,3.4500000000000455
P168,S92,9,890.57,0.4700000000000273,0,1,0,0,890.7800000000001,58.32000000000005,0,13,25,104,0.0,3.9200000000000728
P168,S92,9,890.95,0.37999999999999545,0,1,0,0,891.1600000000001,58.700000000000045,0,14,25,105,0.0,4.300000000000068
P168,S92,9,891.37,0.4199999999999591,0,1,0,0,891.58,59.120000000000005,0,15,25,106,0.0,4.720000000000027
P168,S92,9,891.73,0.36000000000001364,0,1,0,0,891.94,59.48000000000002,0,16,25,107,0.0,5.080000000000041
P168,S92,9,891.82,0.09000000000003183,0,1,0,0,892.0300000000001,59.57000000000005,0,17,25,108,0.0,5.170000000000073
P168,S92,9,892.18,0.35999999999989996,0,1,0,0,892.39,59.92999999999995,0,18,25,109,0.0,5.529999999999973
P168,S92,9,892.29,0.11000000000001364,0,1,0,0,892.5,60.039999999999964,0,19,25,110,0.0,5.639999999999986
P168,S92,9,892.72,0.43000000000006366,0,1,0,0,892.9300000000001,60.47000000000003,0,20,25,111,0.0,6.07000000000005
P168,S92,9,893.05,0.32999999999992724,0,1,0,0,893.26,60.799999999999955,0,21,25,112,0.0,6.399999999999977
P168,S92,9,893.14,0.09000000000003183,0,1,0,0,893.35,60.889999999999986,0,22,25,113,0.0,6.490000000000009
P168,S92,9,895.68,2.5399999999999636,1,0,0,0,895.89,63.42999999999995,0,0,26,113,0.0,0.0
P168,S92,9,896.02,0.34000000000003183,1,0,0,0,896.23,63.76999999999998,1,0,27,113,0.34000000000003183,0.0
P168,S92,9,896.62,0.6000000000000227,1,0,0,0,896.83,64.37,2,0,28,113,0.9400000000000546,0.0
P168,S92,9,897.7,1.080000000000041,1,0,0,0,897.9100000000001,65.45000000000005,3,0,29,113,2.0200000000000955,0.0
P168,S92,9,901.57,3.8700000000000045,0,1,0,0,901.7800000000001,69.32000000000005,0,0,29,114,0.0,0.0
P168,S92,9,902.31,0.7399999999998954,0,1,0,0,902.52,70.05999999999995,0,1,29,115,0.0,0.7399999999998954
P168,S92,9,902.43,0.12000000000000455,0,1,0,0,902.64,70.17999999999995,0,2,29,116,0.0,0.8599999999999
P168,S92,9,902.75,0.32000000000005,0,1,0,0,902.96,70.5,0,3,29,117,0.0,1.17999999999995
P168,S92,9,903.13,0.37999999999999545,0,1,0,0,903.34,70.88,0,4,29,118,0.0,1.5599999999999454
P168,S92,9,903.7,0.57000000000005,0,1,0,0,903.9100000000001,71.45000000000005,0,5,29,119,0.0,2.1299999999999955
P168,S92,9,904.13,0.42999999999995,0,1,0,0,904.34,71.88,0,6,29,120,0.0,2.5599999999999454
P168,S92,9,904.52,0.38999999999998636,0,1,0,0,904.73,72.26999999999998,0,7,29,121,0.0,2.949999999999932
P168,S92,9,904.63,0.11000000000001364,0,1,0,0,904.84,72.38,0,8,29,122,0.0,3.0599999999999454
P168,S92,9,905.06,0.42999999999995,0,1,0,0,905.27,72.80999999999995,0,9,29,123,0.0,3.4899999999998954
P168,S92,9,905.45,0.39000000000010004,0,1,0,0,905.6600000000001,73.20000000000005,0,10,29,124,0.0,3.8799999999999955
P168,S92,9,905.81,0.35999999999989996,0,1,0,0,906.02,73.55999999999995,0,11,29,125,0.0,4.239999999999895
P168,S92,9,905.94,0.13000000000010914,0,1,0,0,906.1500000000001,73.69000000000005,0,12,29,126,0.0,4.3700000000000045
P168,S92,9,906.41,0.4699999999999136,0,1,0,0,906.62,74.15999999999997,0,13,29,127,0.0,4.839999999999918
P168,S92,9,906.88,0.4700000000000273,0,1,0,0,907.09,74.63,0,14,29,128,0.0,5.309999999999945
P168,S92,9,907.23,0.35000000000002274,0,1,0,0,907.44,74.98000000000002,0,15,29,129,0.0,5.659999999999968
P168,S92,9,907.32,0.09000000000003183,0,1,0,0,907.5300000000001,75.07000000000005,0,16,29,130,0.0,5.75
P168,S92,9,907.78,0.4599999999999227,0,1,0,0,907.99,75.52999999999997,0,17,29,131,0.0,6.209999999999923
P168,S92,9,908.12,0.34000000000003183,0,1,0,0,908.33,75.87,0,18,29,132,0.0,6.5499999999999545
P168,S92,9,909.2,1.080000000000041,0,1,0,0,909.4100000000001,76.95000000000005,0,19,29,133,0.0,7.6299999999999955
P168,S92,9,909.6,0.39999999999997726,0,1,0,0,909.8100000000001,77.35000000000002,0,20,29,134,0.0,8.029999999999973
P168,S92,9,909.97,0.37000000000000455,0,1,0,0,910.1800000000001,77.72000000000003,0,21,29,135,0.0,8.399999999999977
P168,S92,9,910.34,0.37000000000000455,0,1,0,0,910.5500000000001,78.09000000000003,0,22,29,136,0.0,8.769999999999982
P168,S92,9,910.77,0.42999999999995,0,1,0,0,910.98,78.51999999999998,0,23,29,137,0.0,9.199999999999932
P168,S92,9,911.19,0.42000000000007276,0,1,0,0,911.4000000000001,78.94000000000005,0,24,29,138,0.0,9.620000000000005
P168,S92,9,911.52,0.32999999999992724,0,1,0,0,911.73,79.26999999999998,0,25,29,139,0.0,9.949999999999932
P168,S92,9,911.97,0.4500000000000455,0,1,0,0,912.1800000000001,79.72000000000003,0,26,29,140,0.0,10.399999999999977
P168,S92,9,912.33,0.36000000000001364,0,1,0,0,912.5400000000001,80.08000000000004,0,27,29,141,0.0,10.759999999999991
P168,S92,9,912.66,0.32999999999992724,0,1,0,0,912.87,80.40999999999997,0,28,29,142,0.0,11.089999999999918
P168,S92,9,912.78,0.12000000000000455,0,1,0,0,912.99,80.52999999999997,0,29,29,143,0.0,11.209999999999923
P168,S92,9,913.17,0.38999999999998636,0,1,0,0,913.38,80.91999999999996,0,30,29,144,0.0,11.599999999999909
P168,S92,9,916.32,3.150000000000091,1,0,0,0,916.5300000000001,84.07000000000005,0,0,30,144,0.0,0.0
P168,S92,9,917.22,0.8999999999999773,1,0,0,0,917.4300000000001,84.97000000000003,1,0,31,144,0.8999999999999773,0.0
P168,S92,9,917.36,0.13999999999998636,1,0,0,0,917.57,85.11000000000001,2,0,32,144,1.0399999999999636,0.0
P168,S92,9,920.92,3.5599999999999454,1,0,0,0,921.13,88.66999999999996,3,0,33,144,4.599999999999909,0.0
P168,S92,9,921.06,0.13999999999998636,1,0,0,0,921.27,88.80999999999995,4,0,34,144,4.739999999999895,0.0
P168,S92,9,921.5,0.44000000000005457,1,0,0,0,921.71,89.25,5,0,35,144,5.17999999999995,0.0
P168,S92,9,921.58,0.08000000000004093,1,0,0,0,921.7900000000001,89.33000000000004,6,0,36,144,5.259999999999991,0.0
P168,S92,9,923.96,2.3799999999999955,1,0,0,0,924.1700000000001,91.71000000000004,7,0,37,144,7.639999999999986,0.0
P168,S92,9,924.07,0.11000000000001364,1,0,0,0,924.2800000000001,91.82000000000005,8,0,38,144,7.75,0.0
P168,S92,9,924.17,0.09999999999990905,1,0,0,0,924.38,91.91999999999996,9,0,39,144,7.849999999999909,0.0
P168,S92,9,932.32,8.150000000000091,1,0,0,0,932.5300000000001,100.07000000000005,10,0,40,144,16.0,0.0
P168,S92,9,932.75,0.42999999999995,1,0,0,0,932.96,100.5,11,0,41,144,16.42999999999995,0.0
P168,S92,9,933.27,0.5199999999999818,1,0,0,0,933.48,101.01999999999998,12,0,42,144,16.949999999999932,0.0
P168,S92,9,934.92,1.6499999999999773,0,1,0,0,935.13,102.66999999999996,0,0,42,145,0.0,0.0
P168,S92,9,935.04,0.12000000000000455,0,1,0,0,935.25,102.78999999999996,0,1,42,146,0.0,0.12000000000000455
P168,S92,9,935.2,0.16000000000008185,0,1,0,0,935.4100000000001,102.95000000000005,0,2,42,147,0.0,0.2800000000000864
P168,S92,9,935.3,0.09999999999990905,0,1,0,0,935.51,103.04999999999995,0,3,42,148,0.0,0.37999999999999545
P168,S92,9,935.43,0.12999999999999545,0,1,0,0,935.64,103.17999999999995,0,4,42,149,0.0,0.5099999999999909
P168,S92,9,935.53,0.10000000000002274,0,1,0,0,935.74,103.27999999999997,0,5,42,150,0.0,0.6100000000000136
P168,S92,9,935.73,0.20000000000004547,0,1,0,0,935.94,103.48000000000002,0,6,42,151,0.0,0.8100000000000591
P168,S92,9,935.81,0.07999999999992724,0,1,0,0,936.02,103.55999999999995,0,7,42,152,0.0,0.8899999999999864
P168,S92,9,936.48,0.6700000000000728,0,1,0,0,936.69,104.23000000000002,0,8,42,153,0.0,1.5600000000000591
P168,S92,9,936.78,0.2999999999999545,0,1,0,0,936.99,104.52999999999997,0,9,42,154,0.0,1.8600000000000136
P168,S92,9,936.88,0.10000000000002274,0,1,0,0,937.09,104.63,0,10,42,155,0.0,1.9600000000000364
P168,S92,9,937.26,0.37999999999999545,0,1,0,0,937.47,105.00999999999999,0,11,42,156,0.0,2.340000000000032
P168,S92,9,937.73,0.4700000000000273,0,1,0,0,937.94,105.48000000000002,0,12,42,157,0.0,2.810000000000059
P168,S92,9,938.15,0.4199999999999591,0,1,0,0,938.36,105.89999999999998,0,13,42,158,0.0,3.230000000000018
P168,S92,9,938.51,0.36000000000001364,0,1,0,0,938.72,106.25999999999999,0,14,42,159,0.0,3.590000000000032
P168,S92,9,938.98,0.4700000000000273,0,1,0,0,939.19,106.73000000000002,0,15,42,160,0.0,4.060000000000059
P168,S92,9,939.34,0.36000000000001364,0,1,0,0,939.5500000000001,107.09000000000003,0,16,42,161,0.0,4.420000000000073
P168,S92,9,939.81,0.4699999999999136,0,1,0,0,940.02,107.55999999999995,0,17,42,162,0.0,4.889999999999986
P168,S92,9,940.12,0.3100000000000591,0,1,0,0,940.33,107.87,0,18,42,163,0.0,5.2000000000000455
P168,S92,9,940.49,0.37000000000000455,0,1,0,0,940.7,108.24000000000001,0,19,42,164,0.0,5.57000000000005
P168,S92,9,940.6,0.11000000000001364,0,1,0,0,940.8100000000001,108.35000000000002,0,20,42,165,0.0,5.680000000000064
P168,S92,9,942.97,2.3700000000000045,1,0,0,0,943.1800000000001,110.72000000000003,0,0,43,165,0.0,0.0
P168,S92,9,943.73,0.7599999999999909,1,0,0,0,943.94,111.48000000000002,1,0,44,165,0.7599999999999909,0.0
P168,S92,9,944.16,0.42999999999995,1,0,0,0,944.37,111.90999999999997,2,0,45,165,1.1899999999999409,0.0
P168,S92,9,946.79,2.6299999999999955,0,1,0,0,947.0,114.53999999999996,0,0,45,166,0.0,0.0
P168,S92,9,947.0,0.21000000000003638,0,1,0,0,947.21,114.75,0,1,45,167,0.0,0.21000000000003638
P168,S92,9,947.08,0.08000000000004093,0,1,0,0,947.2900000000001,114.83000000000004,0,2,45,168,0.0,0.2900000000000773
P168,S92,9,947.18,0.09999999999990905,0,1,0,0,947.39,114.92999999999995,0,3,45,169,0.0,0.38999999999998636
P168,S92,9,947.3,0.12000000000000455,0,1,0,0,947.51,115.04999999999995,0,4,45,170,0.0,0.5099999999999909
P168,S92,9,947.81,0.5099999999999909,0,1,0,0,948.02,115.55999999999995,0,5,45,171,0.0,1.0199999999999818
P168,S92,9,947.91,0.10000000000002274,0,1,0,0,948.12,115.65999999999997,0,6,45,172,0.0,1.1200000000000045
P168,S92,9,948.05,0.13999999999998636,0,1,0,0,948.26,115.79999999999995,0,7,45,173,0.0,1.259999999999991
P168,S92,9,948.26,0.21000000000003638,0,1,0,0,948.47,116.00999999999999,0,8,45,174,0.0,1.4700000000000273
P168,S92,9,948.35,0.09000000000003183,0,1,0,0,948.5600000000001,116.10000000000002,0,9,45,175,0.0,1.5600000000000591
P168,S92,9,948.51,0.15999999999996817,0,1,0,0,948.72,116.25999999999999,0,10,45,176,0.0,1.7200000000000273
P168,S92,9,948.63,0.12000000000000455,0,1,0,0,948.84,116.38,0,11,45,177,0.0,1.8400000000000318
P168,S92,9,948.73,0.10000000000002274,0,1,0,0,948.94,116.48000000000002,0,12,45,178,0.0,1.9400000000000546
P168,S92,9,948.84,0.11000000000001364,0,1,0,0,949.0500000000001,116.59000000000003,0,13,45,179,0.0,2.050000000000068
P168,S92,9,948.95,0.11000000000001364,0,1,0,0,949.1600000000001,116.70000000000005,0,14,45,180,0.0,2.160000000000082
P168,S92,9,949.49,0.5399999999999636,0,1,0,0,949.7,117.24000000000001,0,15,45,181,0.0,2.7000000000000455
P168,S92,9,949.97,0.4800000000000182,0,1,0,0,950.1800000000001,117.72000000000003,0,16,45,182,0.0,3.1800000000000637
P168,S92,9,950.06,0.08999999999991815,0,1,0,0,950.27,117.80999999999995,0,17,45,183,0.0,3.269999999999982
P168,S92,9,950.53,0.4700000000000273,0,1,0,0,950.74,118.27999999999997,0,18,45,184,0.0,3.740000000000009
P168,S92,9,951.01,0.4800000000000182,0,1,0,0,951.22,118.75999999999999,0,19,45,185,0.0,4.220000000000027
P168,S92,9,951.45,0.44000000000005457,0,1,0,0,951.6600000000001,119.20000000000005,0,20,45,186,0.0,4.660000000000082
P168,S92,9,951.78,0.32999999999992724,0,1,0,0,951.99,119.52999999999997,0,21,45,187,0.0,4.990000000000009
P168,S92,9,952.41,0.6299999999999955,0,1,0,0,952.62,120.15999999999997,0,22,45,188,0.0,5.6200000000000045
P168,S92,9,952.76,0.35000000000002274,0,1,0,0,952.97,120.50999999999999,0,23,45,189,0.0,5.970000000000027
P168,S92,9,952.87,0.11000000000001364,0,1,0,0,953.08,120.62,0,24,45,190,0.0,6.080000000000041
P168,S92,9,953.2,0.3300000000000409,0,1,0,0,953.4100000000001,120.95000000000005,0,25,45,191,0.0,6.410000000000082
P168,S92,9,953.41,0.2099999999999227,0,1,0,0,953.62,121.15999999999997,0,26,45,192,0.0,6.6200000000000045
P168,S92,9,953.8,0.38999999999998636,0,1,0,0,954.01,121.54999999999995,0,27,45,193,0.0,7.009999999999991
P168,S92,9,953.91,0.11000000000001364,0,1,0,0,954.12,121.65999999999997,0,28,45,194,0.0,7.1200000000000045
P168,S92,9,954.38,0.4700000000000273,0,1,0,0,954.59,122.13,0,29,45,195,0.0,7.590000000000032
P168,S92,9,954.72,0.34000000000003183,0,1,0,0,954.9300000000001,122.47000000000003,0,30,45,196,0.0,7.930000000000064
P168,S92,9,955.18,0.4599999999999227,0,1,0,0,955.39,122.92999999999995,0,31,45,197,0.0,8.389999999999986
P168,S92,9,955.56,0.37999999999999545,0,1,0,0,955.77,123.30999999999995,0,32,45,198,0.0,8.769999999999982
P168,S92,9,957.14,1.580000000000041,0,1,0,0,957.35,124.88999999999999,0,33,45,199,0.0,10.350000000000023
P168,S92,9,957.24,0.10000000000002274,0,1,0,0,957.45,124.99000000000001,0,34,45,200,0.0,10.450000000000045
P168,S92,9,957.69,0.4500000000000455,0,1,0,0,957.9000000000001,125.44000000000005,0,35,45,201,0.0,10.900000000000091
P168,S92,9,957.78,0.08999999999991815,0,1,0,0,957.99,125.52999999999997,0,36,45,202,0.0,10.990000000000009
P168,S92,9,958.12,0.34000000000003183,0,1,0,0,958.33,125.87,0,37,45,203,0.0,11.330000000000041
P168,S92,9,958.27,0.14999999999997726,0,1,0,0,958.48,126.01999999999998,0,38,45,204,0.0,11.480000000000018
P168,S92,9,958.76,0.4900000000000091,0,1,0,0,958.97,126.50999999999999,0,39,45,205,0.0,11.970000000000027
P168,S92,9,959.15,0.38999999999998636,0,1,0,0,959.36,126.89999999999998,0,40,45,206,0.0,12.360000000000014
P168,S92,9,959.58,0.43000000000006366,0,1,0,0,959.7900000000001,127.33000000000004,0,41,45,207,0.0,12.790000000000077
P168,S92,9,959.93,0.34999999999990905,0,1,0,0,960.14,127.67999999999995,0,42,45,208,0.0,13.139999999999986
P168,S92,9,960.22,0.2900000000000773,0,1,0,0,960.4300000000001,127.97000000000003,0,43,45,209,0.0,13.430000000000064
P168,S92,9,960.69,0.4700000000000273,0,1,0,0,960.9000000000001,128.44000000000005,0,44,45,210,0.0,13.900000000000091
P168,S92,9,962.46,1.7699999999999818,1,0,0,0,962.6700000000001,130.21000000000004,0,0,46,210,0.0,0.0
P168,S92,9,963.01,0.5499999999999545,1,0,0,0,963.22,130.76,1,0,47,210,0.5499999999999545,0.0
P168,S92,9,963.63,0.6200000000000045,1,0,0,0,963.84,131.38,2,0,48,210,1.169999999999959,0.0
P168,S92,9,969.17,5.539999999999964,1,0,0,0,969.38,136.91999999999996,3,0,49,210,6.709999999999923,0.0
P168,S92,9,969.64,0.4700000000000273,1,0,0,0,969.85,137.39,4,0,50,210,7.17999999999995,0.0
P168,S92,9,971.35,1.7100000000000364,0,1,0,0,971.5600000000001,139.10000000000002,0,0,50,211,0.0,0.0
P168,S92,9,971.72,0.37000000000000455,0,1,0,0,971.9300000000001,139.47000000000003,0,1,50,212,0.0,0.37000000000000455
P168,S92,9,971.92,0.1999999999999318,0,1,0,0,972.13,139.66999999999996,0,2,50,213,0.0,0.5699999999999363
P168,S92,9,972.34,0.42000000000007276,0,1,0,0,972.5500000000001,140.09000000000003,0,3,50,214,0.0,0.9900000000000091
P168,S92,9,972.72,0.37999999999999545,0,1,0,0,972.9300000000001,140.47000000000003,0,4,50,215,0.0,1.3700000000000045
P168,S92,9,972.85,0.12999999999999545,0,1,0,0,973.0600000000001,140.60000000000002,0,5,50,216,0.0,1.5
P168,S92,9,973.32,0.4700000000000273,0,1,0,0,973.5300000000001,141.07000000000005,0,6,50,217,0.0,1.9700000000000273
P168,S92,9,973.6,0.2799999999999727,0,1,0,0,973.8100000000001,141.35000000000002,0,7,50,218,0.0,2.25
P168,S92,9,974.0,0.39999999999997726,0,1,0,0,974.21,141.75,0,8,50,219,0.0,2.6499999999999773
P168,S92,9,974.08,0.08000000000004093,0,1,0,0,974.2900000000001,141.83000000000004,0,9,50,220,0.0,2.730000000000018
P168,S92,9,974.48,0.39999999999997726,0,1,0,0,974.69,142.23000000000002,0,10,50,221,0.0,3.1299999999999955
P168,S92,9,974.56,0.07999999999992724,0,1,0,0,974.77,142.30999999999995,0,11,50,222,0.0,3.2099999999999227
P168,S92,9,974.95,0.39000000000010004,0,1,0,0,975.1600000000001,142.70000000000005,0,12,50,223,0.0,3.6000000000000227
P168,S92,9,975.39,0.4399999999999409,0,1,0,0,975.6,143.14,0,13,50,224,0.0,4.039999999999964
P168,S92,9,977.44,2.050000000000068,0,1,0,0,977.6500000000001,145.19000000000005,0,14,50,225,0.0,6.090000000000032
P168,S92,9,978.03,0.5899999999999181,0,1,0,0,978.24,145.77999999999997,0,15,50,226,0.0,6.67999999999995
P168,S92,9,978.42,0.38999999999998636,0,1,0,0,978.63,146.16999999999996,0,16,50,227,0.0,7.069999999999936
P168,S92,9,978.51,0.09000000000003183,0,1,0,0,978.72,146.26,0,17,50,228,0.0,7.159999999999968
P168,S92,9,978.82,0.3100000000000591,0,1,0,0,979.0300000000001,146.57000000000005,0,18,50,229,0.0,7.470000000000027
P168,S92,9,978.9,0.07999999999992724,0,1,0,0,979.11,146.64999999999998,0,19,50,230,0.0,7.5499999999999545
P168,S92,9,979.28,0.37999999999999545,0,1,0,0,979.49,147.02999999999997,0,20,50,231,0.0,7.92999999999995
P168,S92,9,979.7,0.42000000000007276,0,1,0,0,979.9100000000001,147.45000000000005,0,21,50,232,0.0,8.350000000000023
P168,S92,9,980.14,0.4399999999999409,0,1,0,0,980.35,147.89,0,22,50,233,0.0,8.789999999999964
P168,S92,9,980.5,0.36000000000001364,0,1,0,0,980.71,148.25,0,23,50,234,0.0,9.149999999999977
P168,S92,9,980.98,0.4800000000000182,0,1,0,0,981.19,148.73000000000002,0,24,50,235,0.0,9.629999999999995
P168,S92,9,983.36,2.3799999999999955,1,0,0,0,983.57,151.11,0,0,51,235,0.0,0.0
P168,S92,9,983.69,0.3300000000000409,1,0,0,0,983.9000000000001,151.44000000000005,1,0,52,235,0.3300000000000409,0.0
P168,S92,9,983.8,0.10999999999989996,1,0,0,0,984.01,151.54999999999995,2,0,53,235,0.4399999999999409,0.0
P168,S92,9,984.15,0.35000000000002274,1,0,0,0,984.36,151.89999999999998,3,0,54,235,0.7899999999999636,0.0
P168,S92,9,984.62,0.4700000000000273,1,0,0,0,984.83,152.37,4,0,55,235,1.259999999999991,0.0
P168,S92,9,994.39,9.769999999999982,1,0,0,0,994.6,162.14,5,0,56,235,11.029999999999973,0.0
P168,S92,9,994.49,0.10000000000002274,1,0,0,0,994.7,162.24,6,0,57,235,11.129999999999995,0.0
P168,S92,9,996.33,1.8400000000000318,0,1,0,0,996.5400000000001,164.08000000000004,0,0,57,236,0.0,0.0
P168,S92,9,996.42,0.08999999999991815,0,1,0,0,996.63,164.16999999999996,0,1,57,237,0.0,0.08999999999991815
P168,S92,9,996.53,0.11000000000001364,0,1,0,0,996.74,164.27999999999997,0,2,57,238,0.0,0.1999999999999318
P168,S92,9,996.89,0.36000000000001364,0,1,0,0,997.1,164.64,0,3,57,239,0.0,0.5599999999999454
P168,S92,9,997.22,0.3300000000000409,0,1,0,0,997.4300000000001,164.97000000000003,0,4,57,240,0.0,0.8899999999999864
P168,S92,9,997.44,0.22000000000002728,0,1,0,0,997.6500000000001,165.19000000000005,0,5,57,241,0.0,1.1100000000000136
P168,S92,9,997.53,0.08999999999991815,0,1,0,0,997.74,165.27999999999997,0,6,57,242,0.0,1.1999999999999318
P168,S92,9,998.13,0.6000000000000227,0,1,0,0,998.34,165.88,0,7,57,243,0.0,1.7999999999999545
P168,S92,9,998.56,0.42999999999995,0,1,0,0,998.77,166.30999999999995,0,8,57,244,0.0,2.2299999999999045
P168,S92,9,998.98,0.42000000000007276,0,1,0,0,999.19,166.73000000000002,0,9,57,245,0.0,2.6499999999999773
P168,S92,9,999.36,0.37999999999999545,0,1,0,0,999.57,167.11,0,10,57,246,0.0,3.0299999999999727
P168,S92,9,999.44,0.08000000000004093,0,1,0,0,999.6500000000001,167.19000000000005,0,11,57,247,0.0,3.1100000000000136
P168,S92,9,999.82,0.37999999999999545,0,1,0,0,1000.0300000000001,167.57000000000005,0,12,57,248,0.0,3.490000000000009
P168,S92,9,1000.23,0.40999999999996817,0,1,0,0,1000.44,167.98000000000002,0,13,57,249,0.0,3.8999999999999773
P168,S92,9,1000.34,0.11000000000001364,0,1,0,0,1000.5500000000001,168.09000000000003,0,14,57,250,0.0,4.009999999999991
P168,S92,9,1000.74,0.39999999999997726,0,1,0,0,1000.95,168.49,0,15,57,251,0.0,4.409999999999968
P168,S92,9,1001.16,0.4199999999999591,0,1,0,0,1001.37,168.90999999999997,0,16,57,252,0.0,4.829999999999927
P168,S92,9,1001.56,0.39999999999997726,0,1,0,0,1001.77,169.30999999999995,0,17,57,253,0.0,5.2299999999999045
P168,S92,9,1001.65,0.09000000000003183,0,1,0,0,1001.86,169.39999999999998,0,18,57,254,0.0,5.319999999999936
P168,S92,9,1002.69,1.0400000000000773,0,1,0,0,1002.9000000000001,170.44000000000005,0,19,57,255,0.0,6.360000000000014
P168,S92,9,1002.84,0.14999999999997726,0,1,0,0,1003.0500000000001,170.59000000000003,0,20,57,256,0.0,6.509999999999991
P168,S92,9,1002.98,0.13999999999998636,0,1,0,0,1003.19,170.73000000000002,0,21,57,257,0.0,6.649999999999977
P168,S92,9,1003.17,0.18999999999994088,0,1,0,0,1003.38,170.91999999999996,0,22,57,258,0.0,6.839999999999918
P168,S92,9,1003.6,0.43000000000006366,0,1,0,0,1003.8100000000001,171.35000000000002,0,23,57,259,0.0,7.269999999999982
P168,S92,9,1003.78,0.17999999999994998,0,1,0,0,1003.99,171.52999999999997,0,24,57,260,0.0,7.449999999999932
P168,S92,9,1003.91,0.12999999999999545,0,1,0,0,1004.12,171.65999999999997,0,25,57,261,0.0,7.579999999999927
P168,S92,9,1004.44,0.5300000000000864,0,1,0,0,1004.6500000000001,172.19000000000005,0,26,57,262,0.0,8.110000000000014
P168,S92,9,1004.54,0.09999999999990905,0,1,0,0,1004.75,172.28999999999996,0,27,57,263,0.0,8.209999999999923
P168,S92,9,1004.94,0.40000000000009095,0,1,0,0,1005.1500000000001,172.69000000000005,0,28,57,264,0.0,8.610000000000014
P168,S92,9,1005.28,0.33999999999991815,0,1,0,0,1005.49,173.02999999999997,0,29,57,265,0.0,8.949999999999932
P168,S92,9,1005.6,0.32000000000005,0,1,0,0,1005.8100000000001,173.35000000000002,0,30,57,266,0.0,9.269999999999982
P168,S92,9,1005.7,0.10000000000002274,0,1,0,0,1005.9100000000001,173.45000000000005,0,31,57,267,0.0,9.370000000000005
P168,S92,9,1006.12,0.4199999999999591,0,1,0,0,1006.33,173.87,0,32,57,268,0.0,9.789999999999964
P168,S92,9,1006.23,0.11000000000001364,0,1,0,0,1006.44,173.98000000000002,0,33,57,269,0.0,9.899999999999977
P168,S92,9,1006.3,0.06999999999993634,0,1,0,0,1006.51,174.04999999999995,0,34,57,270,0.0,9.969999999999914
P168,S92,9,1006.81,0.5099999999999909,0,1,0,0,1007.02,174.55999999999995,0,35,57,271,0.0,10.479999999999905
P168,S92,9,1008.58,1.7700000000000955,1,0,0,0,1008.7900000000001,176.33000000000004,0,0,58,271,0.0,0.0
P168,S92,9,1008.88,0.2999999999999545,1,0,0,0,1009.09,176.63,1,0,59,271,0.2999999999999545,0.0
P168,S92,9,1009.6,0.7200000000000273,1,0,0,0,1009.8100000000001,177.35000000000002,2,0,60,271,1.0199999999999818,0.0
P168,S92,9,1010.05,0.4499999999999318,1,0,0,0,1010.26,177.79999999999995,3,0,61,271,1.4699999999999136,0.0
P168,S92,9,1010.15,0.10000000000002274,1,0,0,0,1010.36,177.89999999999998,4,0,62,271,1.5699999999999363,0.0
P168,S92,9,1010.51,0.36000000000001364,1,0,0,0,1010.72,178.26,5,0,63,271,1.92999999999995,0.0
P168,S92,9,1016.09,5.580000000000041,1,0,0,0,1016.3000000000001,183.84000000000003,6,0,64,271,7.509999999999991,0.0
P168,S92,9,1016.77,0.67999999999995,1,0,0,0,1016.98,184.51999999999998,7,0,65,271,8.18999999999994,0.0
P168,S92,9,1019.72,2.9500000000000455,1,0,0,0,1019.9300000000001,187.47000000000003,8,0,66,271,11.139999999999986,0.0
P168,S92,9,1019.82,0.10000000000002274,1,0,0,0,1020.0300000000001,187.57000000000005,9,0,67,271,11.240000000000009,0.0
P168,S92,9,1019.92,0.09999999999990905,1,0,0,0,1020.13,187.66999999999996,10,0,68,271,11.339999999999918,0.0
P168,S92,9,1020.84,0.9200000000000728,1,0,0,0,1021.0500000000001,188.59000000000003,11,0,69,271,12.259999999999991,0.0
P168,S92,9,1022.8,1.9599999999999227,0,1,0,0,1023.01,190.54999999999995,0,0,69,272,0.0,0.0
P168,S92,9,1023.23,0.43000000000006366,0,1,0,0,1023.44,190.98000000000002,0,1,69,273,0.0,0.43000000000006366
P168,S92,9,1023.37,0.13999999999998636,0,1,0,0,1023.58,191.12,0,2,69,274,0.0,0.57000000000005
P168,S92,9,1023.93,0.5599999999999454,0,1,0,0,1024.1399999999999,191.67999999999995,0,3,69,275,0.0,1.1299999999999955
P168,S92,9,1024.02,0.09000000000003183,0,1,0,0,1024.23,191.76999999999998,0,4,69,276,0.0,1.2200000000000273
P168,S92,9,1024.1,0.07999999999992724,0,1,0,0,1024.31,191.8499999999999,0,5,69,277,0.0,1.2999999999999545
P168,S92,9,1024.1,0.07999999999992724,0,1,0,1,1024.3899999999999,0.0,0,6,69,0,0.0,0.07999999999992724
P168,S92,9,1029.56,5.460000000000036,0,1,0,0,1029.85,5.460000000000036,0,0,69,1,0.0,0.0
P168,S92,9,1029.66,0.10000000000013642,0,1,0,0,1029.95,5.560000000000173,0,1,69,2,0.0,0.10000000000013642
P168,S92,9,1030.24,0.5799999999999272,0,1,0,0,1030.53,6.1400000000001,0,2,69,3,0.0,0.6800000000000637
P168,S92,9,1030.33,0.08999999999991815,0,1,0,0,1030.62,6.230000000000018,0,3,69,4,0.0,0.7699999999999818
P168,S92,9,1030.43,0.10000000000013642,0,1,0,0,1030.72,6.330000000000155,0,4,69,5,0.0,0.8700000000001182
P168,S92,9,1030.53,0.09999999999990905,0,1,0,0,1030.82,6.430000000000064,0,5,69,6,0.0,0.9700000000000273
P168,S92,9,1030.62,0.08999999999991815,0,1,0,0,1030.9099999999999,6.519999999999982,0,6,69,7,0.0,1.0599999999999454
P168,S92,9,1030.74,0.12000000000011823,0,1,0,0,1031.03,6.6400000000001,0,7,69,8,0.0,1.1800000000000637
P168,S92,9,1030.74,0.12000000000011823,0,1,0,1,1031.15,0.0,0,8,69,0,0.0,0.12000000000011823
P168,S92,9,1035.2,4.460000000000036,0,1,0,0,1035.6100000000001,4.460000000000036,0,0,69,1,0.0,0.0
P168,S92,9,1035.3,0.09999999999990905,0,1,0,0,1035.71,4.559999999999945,0,1,69,2,0.0,0.09999999999990905
P168,S92,9,1035.68,0.38000000000010914,0,1,0,0,1036.0900000000001,4.940000000000055,0,2,69,3,0.0,0.4800000000000182
P168,S92,9,1035.79,0.10999999999989996,0,1,0,0,1036.2,5.0499999999999545,0,3,69,4,0.0,0.5899999999999181
P168,S92,9,1035.89,0.10000000000013642,0,1,0,0,1036.3000000000002,5.150000000000091,0,4,69,5,0.0,0.6900000000000546
P168,S92,9,1035.98,0.08999999999991815,0,1,0,0,1036.39,5.240000000000009,0,5,69,6,0.0,0.7799999999999727
P168,S92,9,1036.21,0.2300000000000182,0,1,0,0,1036.6200000000001,5.470000000000027,0,6,69,7,0.0,1.009999999999991
P168,S92,9,1036.43,0.22000000000002728,0,1,0,0,1036.8400000000001,5.690000000000055,0,7,69,8,0.0,1.2300000000000182
P168,S92,9,1036.54,0.10999999999989996,0,1,0,0,1036.95,5.7999999999999545,0,8,69,9,0.0,1.3399999999999181
P168,S92,9,1036.66,0.12000000000011823,0,1,0,0,1037.0700000000002,5.920000000000073,0,9,69,10,0.0,1.4600000000000364
P168,S92,9,1036.76,0.09999999999990905,0,1,0,0,1037.17,6.019999999999982,0,10,69,11,0.0,1.5599999999999454
P168,S92,9,1037.16,0.40000000000009095,0,1,0,0,1037.5700000000002,6.420000000000073,0,11,69,12,0.0,1.9600000000000364
P168,S92,9,1037.58,0.4199999999998454,0,1,0,0,1037.99,6.839999999999918,0,12,69,13,0.0,2.3799999999998818
P168,S92,9,1038.02,0.44000000000005457,0,1,0,0,1038.43,7.279999999999973,0,13,69,14,0.0,2.8199999999999363
P168,S92,9,1038.38,0.36000000000012733,0,1,0,0,1038.7900000000002,7.6400000000001,0,14,69,15,0.0,3.1800000000000637
P168,S92,9,1038.97,0.5899999999999181,0,1,0,0,1039.38,8.230000000000018,0,15,69,16,0.0,3.769999999999982
P168,S92,9,1039.41,0.44000000000005457,0,1,0,0,1039.8200000000002,8.670000000000073,0,16,69,17,0.0,4.210000000000036
P168,S92,9,1039.83,0.4199999999998454,0,1,0,0,1040.24,9.089999999999918,0,17,69,18,0.0,4.629999999999882
P168,S92,9,1040.22,0.39000000000010004,0,1,0,0,1040.63,9.480000000000018,0,18,69,19,0.0,5.019999999999982
P168,S92,9,1040.67,0.4500000000000455,0,1,0,0,1041.0800000000002,9.930000000000064,0,19,69,20,0.0,5.470000000000027
P168,S92,9,1042.67,2.0,1,0,0,0,1043.0800000000002,11.930000000000064,0,0,70,20,0.0,0.0
P168,S92,9,1043.26,0.5899999999999181,1,0,0,0,1043.67,12.519999999999982,1,0,71,20,0.5899999999999181,0.0
P168,S92,9,1043.93,0.6700000000000728,1,0,0,0,1044.3400000000001,13.190000000000055,2,0,72,20,1.259999999999991,0.0
P168,S92,9,1044.01,0.07999999999992724,1,0,0,0,1044.42,13.269999999999982,3,0,73,20,1.3399999999999181,0.0
P168,S92,9,1044.37,0.35999999999989996,1,0,0,0,1044.78,13.629999999999882,4,0,74,20,1.699999999999818,0.0
P168,S92,9,1047.53,3.160000000000082,0,1,0,0,1047.94,16.789999999999964,0,0,74,21,0.0,0.0
P168,S92,9,1047.87,0.33999999999991815,0,1,0,0,1048.28,17.12999999999988,0,1,74,22,0.0,0.33999999999991815
P168,S92,9,1048.04,0.17000000000007276,0,1,0,0,1048.45,17.299999999999955,0,2,74,23,0.0,0.5099999999999909
P168,S92,9,1048.16,0.12000000000011823,0,1,0,0,1048.5700000000002,17.420000000000073,0,3,74,24,0.0,0.6300000000001091
P168,S92,9,1048.24,0.07999999999992724,0,1,0,0,1048.65,17.5,0,4,74,25,0.0,0.7100000000000364
P168,S92,9,1048.71,0.4700000000000273,0,1,0,0,1049.1200000000001,17.970000000000027,0,5,74,26,0.0,1.1800000000000637
P168,S92,9,1049.07,0.35999999999989996,0,1,0,0,1049.48,18.329999999999927,0,6,74,27,0.0,1.5399999999999636
P168,S92,9,1049.18,0.11000000000012733,0,1,0,0,1049.5900000000001,18.440000000000055,0,7,74,28,0.0,1.650000000000091
P168,S92,9,1049.57,0.38999999999987267,0,1,0,0,1049.98,18.829999999999927,0,8,74,29,0.0,2.0399999999999636
P168,S92,9,1049.88,0.3100000000001728,0,1,0,0,1050.2900000000002,19.1400000000001,0,9,74,30,0.0,2.3500000000001364
P168,S92,9,1050.27,0.38999999999987267,0,1,0,0,1050.68,19.529999999999973,0,10,74,31,0.0,2.740000000000009
P168,S92,9,1050.74,0.4700000000000273,0,1,0,0,1051.15,20.0,0,11,74,32,0.0,3.2100000000000364
P168,S92,9,1051.14,0.40000000000009095,0,1,0,0,1051.5500000000002,20.40000000000009,0,12,74,33,0.0,3.6100000000001273
P168,S92,9,1051.64,0.5,0,1,0,0,1052.0500000000002,20.90000000000009,0,13,74,34,0.0,4.110000000000127
P168,S92,9,1052.11,0.4699999999997999,0,1,0,0,1052.52,21.36999999999989,0,14,74,35,0.0,4.579999999999927
P168,S92,9,1052.53,0.42000000000007276,0,1,0,0,1052.94,21.789999999999964,0,15,74,36,0.0,5.0
P168,S92,9,1052.6,0.06999999999993634,0,1,0,0,1053.01,21.8599999999999,0,16,74,37,0.0,5.069999999999936
P168,S92,9,1053.67,1.0700000000001637,0,1,0,0,1054.0800000000002,22.930000000000064,0,17,74,38,0.0,6.1400000000001
P168,S92,9,1054.0,0.32999999999992724,0,1,0,0,1054.41,23.25999999999999,0,18,74,39,0.0,6.470000000000027
P168,S92,9,1054.36,0.35999999999989996,0,1,0,0,1054.77,23.61999999999989,0,19,74,40,0.0,6.829999999999927
P168,S92,9,1054.75,0.39000000000010004,0,1,0,0,1055.16,24.00999999999999,0,20,74,41,0.0,7.220000000000027
P168,S92,9,1054.85,0.09999999999990905,0,1,0,0,1055.26,24.1099999999999,0,21,74,42,0.0,7.319999999999936
P168,S92,9,1055.12,0.2699999999999818,0,1,0,0,1055.53,24.37999999999988,0,22,74,43,0.0,7.589999999999918
P168,S92,9,1055.44,0.3200000000001637,0,1,0,0,1055.8500000000001,24.700000000000045,0,23,74,44,0.0,7.910000000000082
P168,S92,9,1055.53,0.08999999999991815,0,1,0,0,1055.94,24.789999999999964,0,24,74,45,0.0,8.0
P168,S92,9,1055.9,0.37000000000011823,0,1,0,0,1056.3100000000002,25.160000000000082,0,25,74,46,0.0,8.370000000000118
P168,S92,9,1059.04,3.1399999999998727,1,0,0,0,1059.45,28.299999999999955,0,0,75,46,0.0,0.0
P168,S92,9,1059.18,0.14000000000010004,1,0,0,0,1059.5900000000001,28.440000000000055,1,0,76,46,0.14000000000010004,0.0
P168,S92,9,1059.93,0.75,1,0,0,0,1060.3400000000001,29.190000000000055,2,0,77,46,0.8900000000001,0.0
P168,S92,9,1065.64,5.710000000000036,1,0,0,0,1066.0500000000002,34.90000000000009,3,0,78,46,6.600000000000136,0.0
P168,S92,9,1065.74,0.09999999999990905,1,0,0,0,1066.15,35.0,4,0,79,46,6.7000000000000455,0.0
P168,S92,9,1065.95,0.21000000000003638,1,0,0,0,1066.3600000000001,35.210000000000036,5,0,80,46,6.910000000000082,0.0
P168,S92,9,1066.03,0.07999999999992724,1,0,0,0,1066.44,35.289999999999964,6,0,81,46,6.990000000000009,0.0
P168,S92,9,1068.91,2.880000000000109,1,0,0,0,1069.3200000000002,38.17000000000007,7,0,82,46,9.870000000000118,0.0
P168,S92,9,1069.6,0.6899999999998272,1,0,0,0,1070.01,38.8599999999999,8,0,83,46,10.559999999999945,0.0
P168,S92,9,1071.81,2.2100000000000364,0,1,0,0,1072.22,41.069999999999936,0,0,83,47,0.0,0.0
P168,S92,9,1072.02,0.21000000000003638,0,1,0,0,1072.43,41.27999999999997,0,1,83,48,0.0,0.21000000000003638
P168,S92,9,1072.11,0.08999999999991815,0,1,0,0,1072.52,41.36999999999989,0,2,83,49,0.0,0.2999999999999545
P168,S92,9,1072.2,0.09000000000014552,0,1,0,0,1072.6100000000001,41.460000000000036,0,3,83,50,0.0,0.39000000000010004
P168,S92,9,1072.29,0.08999999999991815,0,1,0,0,1072.7,41.549999999999955,0,4,83,51,0.0,0.4800000000000182
P168,S92,9,1072.39,0.10000000000013642,0,1,0,0,1072.8000000000002,41.65000000000009,0,5,83,52,0.0,0.5800000000001546
P168,S92,9,1072.49,0.09999999999990905,0,1,0,0,1072.9,41.75,0,6,83,53,0.0,0.6800000000000637
P168,S92,9,1073.62,1.1299999999998818,0,1,0,0,1074.03,42.87999999999988,0,7,83,54,0.0,1.8099999999999454
P168,S92,9,1073.73,0.11000000000012733,0,1,0,0,1074.14,42.99000000000001,0,8,83,55,0.0,1.9200000000000728
P168,S92,9,1073.89,0.16000000000008185,0,1,0,0,1074.3000000000002,43.15000000000009,0,9,83,56,0.0,2.0800000000001546
P168,S92,9,1074.03,0.13999999999987267,0,1,0,0,1074.44,43.289999999999964,0,10,83,57,0.0,2.2200000000000273
P168,S92,9,1074.49,0.4600000000000364,0,1,0,0,1074.9,43.75,0,11,83,58,0.0,2.6800000000000637
P168,S92,9,1074.59,0.09999999999990905,0,1,0,0,1075.0,43.84999999999991,0,12,83,59,0.0,2.7799999999999727
P168,S92,9,1074.95,0.36000000000012733,0,1,0,0,1075.3600000000001,44.210000000000036,0,13,83,60,0.0,3.1400000000001
P168,S92,9,1075.08,0.12999999999988177,0,1,0,0,1075.49,44.33999999999992,0,14,83,61,0.0,3.269999999999982
P168,S92,9,1075.37,0.2899999999999636,0,1,0,0,1075.78,44.62999999999988,0,15,83,62,0.0,3.5599999999999454
P168,S92,9,1075.49,0.12000000000011823,0,1,0,0,1075.9,44.75,0,16,83,63,0.0,3.6800000000000637
P168,S92,9,1075.86,0.36999999999989086,0,1,0,0,1076.27,45.11999999999989,0,17,83,64,0.0,4.0499999999999545
P168,S92,9,1076.61,0.75,0,1,0,0,1077.02,45.86999999999989,0,18,83,65,0.0,4.7999999999999545
P168,S92,9,1076.69,0.08000000000015461,0,1,0,0,1077.1000000000001,45.950000000000045,0,19,83,66,0.0,4.880000000000109
P168,S92,9,1077.03,0.33999999999991815,0,1,0,0,1077.44,46.289999999999964,0,20,83,67,0.0,5.220000000000027
P168,S92,9,1077.13,0.10000000000013642,0,1,0,0,1077.5400000000002,46.3900000000001,0,21,83,68,0.0,5.320000000000164
P168,S92,9,1077.56,0.4299999999998363,0,1,0,0,1077.97,46.819999999999936,0,22,83,69,0.0,5.75
P168,S92,9,1077.97,0.41000000000008185,0,1,0,0,1078.38,47.23000000000002,0,23,83,70,0.0,6.160000000000082
P168,S92,9,1080.01,2.0399999999999636,1,0,0,0,1080.42,49.26999999999998,0,0,84,70,0.0,0.0
P168,S92,9,1080.37,0.35999999999989996,1,0,0,0,1080.78,49.62999999999988,1,0,85,70,0.35999999999989996,0.0
P168,S92,9,1080.83,0.4600000000000364,1,0,0,0,1081.24,50.08999999999992,2,0,86,70,0.8199999999999363,0.0
P168,S92,9,1084.84,4.009999999999991,0,1,0,0,1085.25,54.09999999999991,0,0,86,71,0.0,0.0
P168,S92,9,1085.0,0.16000000000008185,0,1,0,0,1085.41,54.25999999999999,0,1,86,72,0.0,0.16000000000008185
P168,S92,9,1085.12,0.11999999999989086,0,1,0,0,1085.53,54.37999999999988,0,2,86,73,0.0,0.2799999999999727
P168,S92,9,1085.21,0.09000000000014552,0,1,0,0,1085.6200000000001,54.47000000000003,0,3,86,74,0.0,0.37000000000011823
P168,S92,9,1085.32,0.10999999999989996,0,1,0,0,1085.73,54.57999999999993,0,4,86,75,0.0,0.4800000000000182
P168,S92,9,1085.42,0.10000000000013642,0,1,0,0,1085.8300000000002,54.680000000000064,0,5,86,76,0.0,0.5800000000001546
P168,S92,9,1085.98,0.5599999999999454,0,1,0,0,1086.39,55.24000000000001,0,6,86,77,0.0,1.1400000000001
P168,S92,9,1086.08,0.09999999999990905,0,1,0,0,1086.49,55.33999999999992,0,7,86,78,0.0,1.240000000000009
P168,S92,9,1086.27,0.19000000000005457,0,1,0,0,1086.68,55.52999999999997,0,8,86,79,0.0,1.4300000000000637
P168,S92,9,1086.38,0.11000000000012733,0,1,0,0,1086.7900000000002,55.6400000000001,0,9,86,80,0.0,1.540000000000191
P168,S92,9,1086.93,0.5499999999999545,0,1,0,0,1087.3400000000001,56.190000000000055,0,10,86,81,0.0,2.0900000000001455
P168,S92,9,1087.06,0.12999999999988177,0,1,0,0,1087.47,56.319999999999936,0,11,86,82,0.0,2.2200000000000273
P168,S92,9,1087.17,0.11000000000012733,0,1,0,0,1087.5800000000002,56.430000000000064,0,12,86,83,0.0,2.3300000000001546
P168,S92,9,1087.27,0.09999999999990905,0,1,0,0,1087.68,56.52999999999997,0,13,86,84,0.0,2.4300000000000637
P168,S92,9,1087.71,0.44000000000005457,0,1,0,0,1088.1200000000001,56.97000000000003,0,14,86,85,0.0,2.8700000000001182
P168,S92,9,1088.24,0.5299999999999727,0,1,0,0,1088.65,57.5,0,15,86,86,0.0,3.400000000000091
P168,S92,9,1088.72,0.4800000000000182,0,1,0,0,1089.13,57.98000000000002,0,16,86,87,0.0,3.880000000000109
P168,S92,9,1089.08,0.35999999999989996,0,1,0,0,1089.49,58.33999999999992,0,17,86,88,0.0,4.240000000000009
P168,S92,9,1089.49,0.41000000000008185,0,1,0,0,1089.9,58.75,0,18,86,89,0.0,4.650000000000091
P168,S92,9,1089.6,0.10999999999989996,0,1,0,0,1090.01,58.8599999999999,0,19,86,90,0.0,4.759999999999991
P168,S92,9,1089.7,0.10000000000013642,0,1,0,0,1090.1100000000001,58.960000000000036,0,20,86,91,0.0,4.860000000000127
P168,S92,9,1090.05,0.34999999999990905,0,1,0,0,1090.46,59.309999999999945,0,21,86,92,0.0,5.210000000000036
P168,S92,9,1090.48,0.43000000000006366,0,1,0,0,1090.89,59.74000000000001,0,22,86,93,0.0,5.6400000000001
P168,S92,9,1090.95,0.4700000000000273,0,1,0,0,1091.3600000000001,60.210000000000036,0,23,86,94,0.0,6.110000000000127
P168,S92,9,1091.33,0.37999999999988177,0,1,0,0,1091.74,60.58999999999992,0,24,86,95,0.0,6.490000000000009
P168,S92,9,1091.82,0.4900000000000091,0,1,0,0,1092.23,61.07999999999993,0,25,86,96,0.0,6.980000000000018
P168,S92,9,1092.2,0.38000000000010914,0,1,0,0,1092.6100000000001,61.460000000000036,0,26,86,97,0.0,7.360000000000127
P168,S92,9,1092.51,0.30999999999994543,0,1,0,0,1092.92,61.76999999999998,0,27,86,98,0.0,7.670000000000073
P168,S92,9,1092.93,0.42000000000007276,0,1,0,0,1093.3400000000001,62.190000000000055,0,28,86,99,0.0,8.090000000000146
P168,S92,9,1095.07,2.1399999999998727,1,0,0,0,1095.48,64.32999999999993,0,0,87,99,0.0,0.0
P168,S92,9,1095.84,0.7699999999999818,1,0,0,0,1096.25,65.09999999999991,1,0,88,99,0.7699999999999818,0.0
P168,S92,9,1095.97,0.13000000000010914,1,0,0,0,1096.38,65.23000000000002,2,0,89,99,0.900000000000091,0.0
P168,S92,9,1096.75,0.7799999999999727,1,0,0,0,1097.16,66.00999999999999,3,0,90,99,1.6800000000000637,0.0
P168,S92,9,1096.87,0.11999999999989086,1,0,0,0,1097.28,66.12999999999988,4,0,91,99,1.7999999999999545,0.0
P168,S92,9,1105.14,8.27000000000021,0,1,0,0,1105.5500000000002,74.40000000000009,0,0,91,100,0.0,0.0
P168,S92,9,1105.37,0.22999999999979082,0,1,0,0,1105.78,74.62999999999988,0,1,91,101,0.0,0.22999999999979082
P168,S92,9,1105.52,0.15000000000009095,0,1,0,0,1105.93,74.77999999999997,0,2,91,102,0.0,0.37999999999988177
P168,S92,9,1106.09,0.5699999999999363,0,1,0,0,1106.5,75.34999999999991,0,3,91,103,0.0,0.9499999999998181
P168,S92,9,1106.18,0.09000000000014552,0,1,0,0,1106.5900000000001,75.44000000000005,0,4,91,104,0.0,1.0399999999999636
P168,S92,9,1106.29,0.10999999999989996,0,1,0,0,1106.7,75.54999999999995,0,5,91,105,0.0,1.1499999999998636
P168,S92,9,1106.4,0.11000000000012733,0,1,0,0,1106.8100000000002,75.66000000000008,0,6,91,106,0.0,1.259999999999991
P168,S92,9,1106.49,0.08999999999991815,0,1,0,0,1106.9,75.75,0,7,91,107,0.0,1.349999999999909
P168,S92,9,1106.58,0.08999999999991815,0,1,0,0,1106.99,75.83999999999992,0,8,91,108,0.0,1.4399999999998272
P168,S92,9,1106.73,0.15000000000009095,0,1,0,0,1107.14,75.99000000000001,0,9,91,109,0.0,1.5899999999999181
P168,S92,9,1106.86,0.12999999999988177,0,1,0,0,1107.27,76.11999999999989,0,10,91,110,0.0,1.7199999999998
P168,S92,9,1107.3,0.44000000000005457,0,1,0,0,1107.71,76.55999999999995,0,11,91,111,0.0,2.1599999999998545
P168,S92,9,1107.39,0.09000000000014552,0,1,0,0,1107.8000000000002,76.65000000000009,0,12,91,112,0.0,2.25
P168,S92,9,1107.73,0.33999999999991815,0,1,0,0,1108.14,76.99000000000001,0,13,91,113,0.0,2.589999999999918
P168,S92,9,1108.12,0.38999999999987267,0,1,0,0,1108.53,77.37999999999988,0,14,91,114,0.0,2.979999999999791
P168,S92,9,1108.59,0.4700000000000273,0,1,0,0,1109.0,77.84999999999991,0,15,91,115,0.0,3.449999999999818
P168,S92,9,1109.02,0.43000000000006366,0,1,0,0,1109.43,78.27999999999997,0,16,91,116,0.0,3.8799999999998818
P168,S92,9,1109.39,0.37000000000011823,0,1,0,0,1109.8000000000002,78.65000000000009,0,17,91,117,0.0,4.25
P168,S92,9,1109.49,0.09999999999990905,0,1,0,0,1109.9,78.75,0,18,91,118,0.0,4.349999999999909
P168,S92,9,1109.9,0.41000000000008185,0,1,0,0,1110.3100000000002,79.16000000000008,0,19,91,119,0.0,4.759999999999991
P168,S92,9,1112.11,2.209999999999809,0,1,0,0,1112.52,81.36999999999989,0,20,91,120,0.0,6.9699999999998
P168,S92,9,1112.2,0.09000000000014552,0,1,0,0,1112.6100000000001,81.46000000000004,0,21,91,121,0.0,7.059999999999945
P168,S92,9,1112.31,0.10999999999989996,0,1,0,0,1112.72,81.56999999999994,0,22,91,122,0.0,7.169999999999845
P168,S92,9,1112.82,0.5099999999999909,0,1,0,0,1113.23,82.07999999999993,0,23,91,123,0.0,7.679999999999836
P168,S92,9,1113.35,0.5299999999999727,0,1,0,0,1113.76,82.6099999999999,0,24,91,124,0.0,8.209999999999809
P168,S92,9,1113.49,0.14000000000010004,0,1,0,0,1113.9,82.75,0,25,91,125,0.0,8.349999999999909
P168,S92,9,1113.61,0.11999999999989086,0,1,0,0,1114.02,82.86999999999989,0,26,91,126,0.0,8.4699999999998
P168,S92,9,1113.8,0.19000000000005457,0,1,0,0,1114.21,83.05999999999995,0,27,91,127,0.0,8.659999999999854
P168,S92,9,1114.29,0.4900000000000091,0,1,0,0,1114.7,83.54999999999995,0,28,91,128,0.0,9.149999999999864
P168,S92,9,1114.66,0.37000000000011823,0,1,0,0,1115.0700000000002,83.92000000000007,0,29,91,129,0.0,9.519999999999982
P168,S92,9,1115.06,0.3999999999998636,0,1,0,0,1115.47,84.31999999999994,0,30,91,130,0.0,9.919999999999845
P168,S92,9,1115.52,0.4600000000000364,0,1,0,0,1115.93,84.77999999999997,0,31,91,131,0.0,10.379999999999882
P168,S92,9,1117.61,2.089999999999918,1,0,0,0,1118.02,86.86999999999989,0,0,92,131,0.0,0.0
P168,S92,9,1117.91,0.3000000000001819,1,0,0,0,1118.3200000000002,87.17000000000007,1,0,93,131,0.3000000000001819,0.0
P168,S92,9,1118.24,0.32999999999992724,1,0,0,0,1118.65,87.5,2,0,94,131,0.6300000000001091,0.0
P168,S92,9,1118.24,0.32999999999992724,1,0,1,0,0.0,87.82999999999993,3,0,0,131,0.32999999999992724,0.0
P168,S92,9,1122.96,4.720000000000027,1,0,0,0,4.720000000000027,92.54999999999995,0,0,1,131,0.32999999999992724,0.0
P168,S92,9,1123.45,0.4900000000000091,1,0,0,0,5.210000000000036,93.03999999999996,1,0,2,131,0.8199999999999363,0.0
P168,S92,9,1123.55,0.09999999999990905,1,0,0,0,5.309999999999945,93.13999999999987,2,0,3,131,0.9199999999998454,0.0
P168,S92,9,1125.54,1.990000000000009,0,1,0,0,7.2999999999999545,95.12999999999988,0,0,3,132,0.0,0.0
P168,S92,9,1125.71,0.17000000000007276,0,1,0,0,7.470000000000027,95.29999999999995,0,1,3,133,0.0,0.17000000000007276
P168,S92,9,1126.01,0.2999999999999545,0,1,0,0,7.769999999999982,95.59999999999991,0,2,3,134,0.0,0.4700000000000273
P168,S92,9,1126.32,0.30999999999994543,0,1,0,0,8.079999999999927,95.90999999999985,0,3,3,135,0.0,0.7799999999999727
P168,S92,9,1126.52,0.20000000000004547,0,1,0,0,8.279999999999973,96.1099999999999,0,4,3,136,0.0,0.9800000000000182
P168,S92,9,1126.63,0.11000000000012733,0,1,0,0,8.3900000000001,96.22000000000003,0,5,3,137,0.0,1.0900000000001455
P168,S92,9,1126.71,0.07999999999992724,0,1,0,0,8.470000000000027,96.29999999999995,0,6,3,138,0.0,1.1700000000000728
P168,S92,9,1127.26,0.5499999999999545,0,1,0,0,9.019999999999982,96.84999999999991,0,7,3,139,0.0,1.7200000000000273
P168,S92,9,1127.65,0.39000000000010004,0,1,0,0,9.410000000000082,97.24000000000001,0,8,3,140,0.0,2.1100000000001273
P168,S92,9,1127.73,0.07999999999992724,0,1,0,0,9.490000000000009,97.31999999999994,0,9,3,141,0.0,2.1900000000000546
P168,S92,9,1128.09,0.35999999999989996,0,1,0,0,9.849999999999909,97.67999999999984,0,10,3,142,0.0,2.5499999999999545
P168,S92,9,1128.4,0.3100000000001728,0,1,0,0,10.160000000000082,97.99000000000001,0,11,3,143,0.0,2.8600000000001273
P168,S92,9,1128.68,0.2799999999999727,0,1,0,0,10.440000000000055,98.26999999999998,0,12,3,144,0.0,3.1400000000001
P168,S92,9,1131.09,2.4099999999998545,1,0,0,0,12.849999999999909,100.67999999999984,0,0,4,144,0.0,0.0
P168,S92,9,1132.24,1.150000000000091,1,0,0,0,14.0,101.82999999999993,1,0,5,144,1.150000000000091,0.0
P168,S92,9,1132.24,1.150000000000091,1,0,1,0,0.0,102.98000000000002,2,0,0,144,1.150000000000091,0.0
P168,S92,9,1132.34,0.09999999999990905,1,0,0,0,0.09999999999990905,103.07999999999993,0,0,1,144,1.150000000000091,0.0
P168,S92,9,1137.1,4.759999999999991,1,0,0,0,4.8599999999999,107.83999999999992,1,0,2,144,5.910000000000082,0.0
P168,S92,9,1138.78,1.6800000000000637,0,1,0,0,6.539999999999964,109.51999999999998,0,0,2,145,0.0,0.0
P168,S92,9,1139.47,0.6900000000000546,0,1,0,0,7.230000000000018,110.21000000000004,0,1,2,146,0.0,0.6900000000000546
P168,S92,9,1139.83,0.35999999999989996,0,1,0,0,7.589999999999918,110.56999999999994,0,2,2,147,0.0,1.0499999999999545
P168,S92,9,1139.94,0.11000000000012733,0,1,0,0,7.7000000000000455,110.68000000000006,0,3,2,148,0.0,1.1600000000000819
P168,S92,9,1140.02,0.07999999999992724,0,1,0,0,7.779999999999973,110.75999999999999,0,4,2,149,0.0,1.240000000000009
P168,S92,9,1140.13,0.11000000000012733,0,1,0,0,7.8900000000001,110.87000000000012,0,5,2,150,0.0,1.3500000000001364
P168,S92,9,1140.26,0.12999999999988177,0,1,0,0,8.019999999999982,111.0,0,6,2,151,0.0,1.4800000000000182
P168,S92,9,1140.42,0.16000000000008185,0,1,0,0,8.180000000000064,111.16000000000008,0,7,2,152,0.0,1.6400000000001
P168,S92,9,1140.52,0.09999999999990905,0,1,0,0,8.279999999999973,111.25999999999999,0,8,2,153,0.0,1.740000000000009
P168,S92,9,1140.64,0.12000000000011823,0,1,0,0,8.400000000000091,111.38000000000011,0,9,2,154,0.0,1.8600000000001273
P168,S92,9,1140.73,0.08999999999991815,0,1,0,0,8.490000000000009,111.47000000000003,0,10,2,155,0.0,1.9500000000000455
P168,S92,9,1141.11,0.37999999999988177,0,1,0,0,8.86999999999989,111.84999999999991,0,11,2,156,0.0,2.3299999999999272
P168,S92,9,1141.61,0.5,0,1,0,0,9.36999999999989,112.34999999999991,0,12,2,157,0.0,2.8299999999999272
P168,S92,9,1141.72,0.11000000000012733,0,1,0,0,9.480000000000018,112.46000000000004,0,13,2,158,0.0,2.9400000000000546
P168,S92,9,1142.16,0.44000000000005457,0,1,0,0,9.920000000000073,112.90000000000009,0,14,2,159,0.0,3.380000000000109
P168,S92,9,1142.5,0.33999999999991815,0,1,0,0,10.259999999999991,113.24000000000001,0,15,2,160,0.0,3.7200000000000273
P168,S92,9,1142.61,0.10999999999989996,0,1,0,0,10.36999999999989,113.34999999999991,0,16,2,161,0.0,3.8299999999999272
P168,S92,9,1142.89,0.2800000000002001,0,1,0,0,10.650000000000091,113.63000000000011,0,17,2,162,0.0,4.110000000000127
P168,S92,9,1143.44,0.5499999999999545,0,1,0,0,11.200000000000045,114.18000000000006,0,18,2,163,0.0,4.660000000000082
P168,S92,9,1143.51,0.06999999999993634,0,1,0,0,11.269999999999982,114.25,0,19,2,164,0.0,4.730000000000018
P168,S92,9,1143.99,0.4800000000000182,0,1,0,0,11.75,114.73000000000002,0,20,2,165,0.0,5.210000000000036
P168,S92,9,1144.35,0.35999999999989996,0,1,0,0,12.1099999999999,115.08999999999992,0,21,2,166,0.0,5.569999999999936
P168,S92,9,1144.44,0.09000000000014552,0,1,0,0,12.200000000000045,115.18000000000006,0,22,2,167,0.0,5.660000000000082
P168,S92,9,1144.8,0.35999999999989996,0,1,0,0,12.559999999999945,115.53999999999996,0,23,2,168,0.0,6.019999999999982
P168,S92,9,1144.9,0.10000000000013642,0,1,0,0,12.660000000000082,115.6400000000001,0,24,2,169,0.0,6.120000000000118
P168,S92,9,1145.26,0.35999999999989996,0,1,0,0,13.019999999999982,116.0,0,25,2,170,0.0,6.480000000000018
P168,S92,9,1145.34,0.07999999999992724,0,1,0,0,13.099999999999909,116.07999999999993,0,26,2,171,0.0,6.559999999999945
P168,S92,9,1146.93,1.5900000000001455,1,0,0,0,14.690000000000055,117.67000000000007,0,0,3,171,0.0,0.0
P168,S92,9,1147.31,0.37999999999988177,1,0,0,0,15.069999999999936,118.04999999999995,1,0,4,171,0.37999999999988177,0.0
P168,S92,9,1147.45,0.14000000000010004,1,0,0,0,15.210000000000036,118.19000000000005,2,0,5,171,0.5199999999999818,0.0
P168,S92,9,1147.9,0.4500000000000455,1,0,0,0,15.660000000000082,118.6400000000001,3,0,6,171,0.9700000000000273,0.0
P168,S92,9,1148.22,0.31999999999993634,1,0,0,0,15.980000000000018,118.96000000000004,4,0,7,171,1.2899999999999636,0.0
P168,S92,9,1148.41,0.19000000000005457,1,0,0,0,16.170000000000073,119.15000000000009,5,0,8,171,1.4800000000000182,0.0
P168,S92,9,1155.13,6.720000000000027,1,0,0,0,22.8900000000001,125.87000000000012,6,0,9,171,8.200000000000045,0.0
P168,S92,9,1155.54,0.4099999999998545,1,0,0,0,23.299999999999955,126.27999999999997,7,0,10,171,8.6099999999999,0.0
P168,S92,9,1157.62,2.0799999999999272,0,1,0,0,25.37999999999988,128.3599999999999,0,0,10,172,0.0,0.0
P168,S92,9,1157.83,0.21000000000003638,0,1,0,0,25.589999999999918,128.56999999999994,0,1,10,173,0.0,0.21000000000003638
P168,S92,9,1158.03,0.20000000000004547,0,1,0,0,25.789999999999964,128.76999999999998,0,2,10,174,0.0,0.41000000000008185
P168,S92,9,1158.16,0.13000000000010914,0,1,0,0,25.920000000000073,128.9000000000001,0,3,10,175,0.0,0.540000000000191
P168,S92,9,1158.26,0.09999999999990905,0,1,0,0,26.019999999999982,129.0,0,4,10,176,0.0,0.6400000000001
P168,S92,9,1158.36,0.09999999999990905,0,1,0,0,26.11999999999989,129.0999999999999,0,5,10,177,0.0,0.7400000000000091
P168,S92,9,1158.44,0.08000000000015461,0,1,0,0,26.200000000000045,129.18000000000006,0,6,10,178,0.0,0.8200000000001637
P168,S92,9,1158.91,0.4700000000000273,0,1,0,0,26.670000000000073,129.6500000000001,0,7,10,179,0.0,1.290000000000191
P168,S92,9,1158.99,0.07999999999992724,0,1,0,0,26.75,129.73000000000002,0,8,10,180,0.0,1.3700000000001182
P168,S92,9,1159.37,0.37999999999988177,0,1,0,0,27.12999999999988,130.1099999999999,0,9,10,181,0.0,1.75
P168,S92,9,1159.46,0.09000000000014552,0,1,0,0,27.220000000000027,130.20000000000005,0,10,10,182,0.0,1.8400000000001455
P168,S92,9,1159.81,0.34999999999990905,0,1,0,0,27.569999999999936,130.54999999999995,0,11,10,183,0.0,2.1900000000000546
P168,S92,9,1159.93,0.12000000000011823,0,1,0,0,27.690000000000055,130.67000000000007,0,12,10,184,0.0,2.310000000000173
P168,S92,9,1160.36,0.4299999999998363,0,1,0,0,28.11999999999989,131.0999999999999,0,13,10,185,0.0,2.740000000000009
P168,S92,9,1160.43,0.07000000000016371,0,1,0,0,28.190000000000055,131.17000000000007,0,14,10,186,0.0,2.810000000000173
P168,S92,9,1160.83,0.3999999999998636,0,1,0,0,28.589999999999918,131.56999999999994,0,15,10,187,0.0,3.2100000000000364
P168,S92,9,1161.19,0.36000000000012733,0,1,0,0,28.950000000000045,131.93000000000006,0,16,10,188,0.0,3.5700000000001637
P168,S92,9,1162.99,1.7999999999999545,1,0,0,0,30.75,133.73000000000002,0,0,11,188,0.0,0.0
P168,S92,9,1163.77,0.7799999999999727,1,0,0,0,31.529999999999973,134.51,1,0,12,188,0.7799999999999727,0.0
P168,S92,9,1164.47,0.7000000000000455,1,0,0,0,32.23000000000002,135.21000000000004,2,0,13,188,1.4800000000000182,0.0
P168,S92,9,1164.94,0.4700000000000273,1,0,0,0,32.700000000000045,135.68000000000006,3,0,14,188,1.9500000000000455,0.0
P168,S92,9,1165.09,0.14999999999986358,1,0,0,0,32.84999999999991,135.82999999999993,4,0,15,188,2.099999999999909,0.0
P168,S92,9,1169.97,4.880000000000109,1,0,0,0,37.73000000000002,140.71000000000004,5,0,16,188,6.980000000000018,0.0
P168,S92,9,1170.35,0.37999999999988177,1,0,0,0,38.1099999999999,141.08999999999992,6,0,17,188,7.3599999999999,0.0
P168,S92,9,1170.45,0.10000000000013642,1,0,0,0,38.210000000000036,141.19000000000005,7,0,18,188,7.460000000000036,0.0
P168,S92,9,1170.92,0.4700000000000273,1,0,0,0,38.680000000000064,141.66000000000008,8,0,19,188,7.930000000000064,0.0
P168,S92,9,1171.02,0.09999999999990905,1,0,0,0,38.77999999999997,141.76,9,0,20,188,8.029999999999973,0.0
P168,S92,9,1172.65,1.6300000000001091,0,1,0,0,40.41000000000008,143.3900000000001,0,0,20,189,0.0,0.0
P168,S92,9,1173.07,0.4199999999998454,0,1,0,0,40.82999999999993,143.80999999999995,0,1,20,190,0.0,0.4199999999998454
P168,S92,9,1173.16,0.09000000000014552,0,1,0,0,40.92000000000007,143.9000000000001,0,2,20,191,0.0,0.5099999999999909
P168,S92,9,1173.26,0.09999999999990905,0,1,0,0,41.01999999999998,144.0,0,3,20,192,0.0,0.6099999999999
P168,S92,9,1173.36,0.09999999999990905,0,1,0,0,41.11999999999989,144.0999999999999,0,4,20,193,0.0,0.709999999999809
P168,S92,9,1173.36,0.09999999999990905,0,1,0,1,41.2199999999998,0.0,0,5,20,0,0.0,0.09999999999990905
P168,S92,9,1178.71,5.350000000000136,0,1,0,0,46.569999999999936,5.350000000000136,0,0,20,1,0.0,0.0
P168,S92,9,1178.94,0.2300000000000182,0,1,0,0,46.799999999999955,5.580000000000155,0,1,20,2,0.0,0.2300000000000182
P168,S92,9,1179.04,0.09999999999990905,0,1,0,0,46.899999999999864,5.680000000000064,0,2,20,3,0.0,0.32999999999992724
P168,S92,9,1179.13,0.09000000000014552,0,1,0,0,46.99000000000001,5.770000000000209,0,3,20,4,0.0,0.42000000000007276
P168,S92,9,1179.25,0.11999999999989086,0,1,0,0,47.1099999999999,5.8900000000001,0,4,20,5,0.0,0.5399999999999636
P168,S92,9,1179.36,0.10999999999989996,0,1,0,0,47.2199999999998,6.0,0,5,20,6,0.0,0.6499999999998636
P168,S92,9,1179.47,0.11000000000012733,0,1,0,0,47.32999999999993,6.110000000000127,0,6,20,7,0.0,0.7599999999999909
P168,S92,9,1179.58,0.10999999999989996,0,1,0,0,47.43999999999983,6.220000000000027,0,7,20,8,0.0,0.8699999999998909
P168,S92,9,1179.81,0.2300000000000182,0,1,0,0,47.669999999999845,6.4500000000000455,0,8,20,9,0.0,1.099999999999909
P168,S92,9,1179.94,0.13000000000010914,0,1,0,0,47.799999999999955,6.580000000000155,0,9,20,10,0.0,1.2300000000000182
P168,S92,9,1180.06,0.11999999999989086,0,1,0,0,47.919999999999845,6.7000000000000455,0,10,20,11,0.0,1.349999999999909
P168,S92,9,1180.52,0.4600000000000364,0,1,0,0,48.37999999999988,7.160000000000082,0,11,20,12,0.0,1.8099999999999454
P168,S92,9,1180.95,0.43000000000006366,0,1,0,0,48.809999999999945,7.5900000000001455,0,12,20,13,0.0,2.240000000000009
P168,S92,9,1181.05,0.09999999999990905,0,1,0,0,48.909999999999854,7.690000000000055,0,13,20,14,0.0,2.339999999999918
P168,S92,9,1181.16,0.11000000000012733,0,1,0,0,49.01999999999998,7.800000000000182,0,14,20,15,0.0,2.4500000000000455
P168,S92,9,1181.27,0.10999999999989996,0,1,0,0,49.12999999999988,7.910000000000082,0,15,20,16,0.0,2.5599999999999454
P168,S92,9,1181.36,0.08999999999991815,0,1,0,0,49.2199999999998,8.0,0,16,20,17,0.0,2.6499999999998636
P168,S92,9,1181.48,0.12000000000011823,0,1,0,0,49.33999999999992,8.120000000000118,0,17,20,18,0.0,2.769999999999982
P168,S92,9,1181.83,0.34999999999990905,0,1,0,0,49.68999999999983,8.470000000000027,0,18,20,19,0.0,3.119999999999891
P168,S92,9,1181.94,0.11000000000012733,0,1,0,0,49.799999999999955,8.580000000000155,0,19,20,20,0.0,3.230000000000018
P168,S92,9,1182.04,0.09999999999990905,0,1,0,0,49.899999999999864,8.680000000000064,0,20,20,21,0.0,3.3299999999999272
P168,S92,9,1182.48,0.44000000000005457,0,1,0,0,50.33999999999992,9.120000000000118,0,21,20,22,0.0,3.769999999999982
P168,S92,9,1183.0,0.5199999999999818,0,1,0,0,50.8599999999999,9.6400000000001,0,22,20,23,0.0,4.289999999999964
P168,S92,9,1183.43,0.43000000000006366,0,1,0,0,51.289999999999964,10.070000000000164,0,23,20,24,0.0,4.720000000000027
P168,S92,9,1183.77,0.33999999999991815,0,1,0,0,51.62999999999988,10.410000000000082,0,24,20,25,0.0,5.059999999999945
P168,S92,9,1184.11,0.33999999999991815,0,1,0,0,51.9699999999998,10.75,0,25,20,26,0.0,5.399999999999864
P168,S92,9,1184.54,0.43000000000006366,0,1,0,0,52.399999999999864,11.180000000000064,0,26,20,27,0.0,5.829999999999927
P168,S92,9,1184.9,0.36000000000012733,0,1,0,0,52.75999999999999,11.540000000000191,0,27,20,28,0.0,6.190000000000055
P168,S92,9,1184.99,0.08999999999991815,0,1,0,0,52.84999999999991,11.63000000000011,0,28,20,29,0.0,6.279999999999973
P168,S92,9,1185.42,0.43000000000006366,0,1,0,0,53.27999999999997,12.060000000000173,0,29,20,30,0.0,6.710000000000036
P168,S92,9,1185.88,0.4600000000000364,0,1,0,0,53.74000000000001,12.52000000000021,0,30,20,31,0.0,7.170000000000073
P168,S92,9,1186.23,0.34999999999990905,0,1,0,0,54.08999999999992,12.870000000000118,0,31,20,32,0.0,7.519999999999982
P168,S92,9,1186.34,0.10999999999989996,0,1,0,0,54.19999999999982,12.980000000000018,0,32,20,33,0.0,7.629999999999882
P168,S92,9,1186.71,0.37000000000011823,0,1,0,0,54.569999999999936,13.350000000000136,0,33,20,34,0.0,8.0
P168,S92,9,1188.53,1.8199999999999363,1,0,0,0,56.38999999999987,15.170000000000073,0,0,21,34,0.0,0.0
P168,S92,9,1189.26,0.7300000000000182,1,0,0,0,57.11999999999989,15.900000000000091,1,0,22,34,0.7300000000000182,0.0
P168,S92,9,1189.26,0.7300000000000182,1,0,1,0,0.0,16.63000000000011,2,0,0,34,0.7300000000000182,0.0
P168,S92,9,1196.62,7.3599999999999,1,0,0,0,7.3599999999999,23.99000000000001,0,0,1,34,0.7300000000000182,0.0
P168,S92,9,1196.82,0.20000000000004547,1,0,0,0,7.559999999999945,24.190000000000055,1,0,2,34,0.9300000000000637,0.0
P168,S92,9,1197.19,0.37000000000011823,1,0,0,0,7.930000000000064,24.560000000000173,2,0,3,34,1.300000000000182,0.0
P168,S92,9,1197.29,0.09999999999990905,1,0,0,0,8.029999999999973,24.660000000000082,3,0,4,34,1.400000000000091,0.0
P168,S92,9,1198.73,1.4400000000000546,0,1,0,0,9.470000000000027,26.100000000000136,0,0,4,35,0.0,0.0
P168,S92,9,1198.82,0.08999999999991815,0,1,0,0,9.559999999999945,26.190000000000055,0,1,4,36,0.0,0.08999999999991815
P168,S92,9,1199.03,0.21000000000003638,0,1,0,0,9.769999999999982,26.40000000000009,0,2,4,37,0.0,0.2999999999999545
P168,S92,9,1199.52,0.4900000000000091,0,1,0,0,10.259999999999991,26.8900000000001,0,3,4,38,0.0,0.7899999999999636
P168,S92,9,1199.97,0.4500000000000455,0,1,0,0,10.710000000000036,27.340000000000146,0,4,4,39,0.0,1.240000000000009
P168,S92,9,1200.38,0.41000000000008185,0,1,0,0,11.120000000000118,27.750000000000227,0,5,4,40,0.0,1.650000000000091
P168,S92,9,1200.68,0.2999999999999545,0,1,0,0,11.420000000000073,28.050000000000182,0,6,4,41,0.0,1.9500000000000455
P168,S92,9,1200.8,0.11999999999989086,0,1,0,0,11.539999999999964,28.170000000000073,0,7,4,42,0.0,2.0699999999999363
P168,S92,9,1201.17,0.37000000000011823,0,1,0,0,11.910000000000082,28.54000000000019,0,8,4,43,0.0,2.4400000000000546
P168,S92,9,1201.29,0.11999999999989086,0,1,0,0,12.029999999999973,28.660000000000082,0,9,4,44,0.0,2.5599999999999454
P168,S92,9,1201.86,0.5699999999999363,0,1,0,0,12.599999999999909,29.230000000000018,0,10,4,45,0.0,3.1299999999998818
P168,S92,9,1202.19,0.3300000000001546,0,1,0,0,12.930000000000064,29.560000000000173,0,11,4,46,0.0,3.4600000000000364
P168,S92,9,1202.78,0.5899999999999181,0,1,0,0,13.519999999999982,30.15000000000009,0,12,4,47,0.0,4.0499999999999545
P168,S92,9,1203.17,0.39000000000010004,0,1,0,0,13.910000000000082,30.54000000000019,0,13,4,48,0.0,4.440000000000055
P168,S92,9,1204.6,1.4299999999998363,1,0,0,0,15.339999999999918,31.970000000000027,0,0,5,48,0.0,0.0
P168,S92,9,1204.95,0.3500000000001364,1,0,0,0,15.690000000000055,32.320000000000164,1,0,6,48,0.3500000000001364,0.0
P168,S92,9,1205.29,0.33999999999991815,1,0,0,0,16.029999999999973,32.66000000000008,2,0,7,48,0.6900000000000546,0.0
P168,S92,9,1205.63,0.3400000000001455,1,0,0,0,16.37000000000012,33.00000000000023,3,0,8,48,1.0300000000002,0.0
P168,S92,9,1206.0,0.36999999999989086,1,0,0,0,16.74000000000001,33.37000000000012,4,0,9,48,1.400000000000091,0.0
P168,S92,9,1210.5,4.5,0,1,0,0,21.24000000000001,37.87000000000012,0,0,9,49,0.0,0.0
P168,S92,9,1210.59,0.08999999999991815,0,1,0,0,21.329999999999927,37.960000000000036,0,1,9,50,0.0,0.08999999999991815
P168,S92,9,1210.81,0.22000000000002728,0,1,0,0,21.549999999999955,38.180000000000064,0,2,9,51,0.0,0.30999999999994543
P168,S92,9,1210.89,0.08000000000015461,0,1,0,0,21.63000000000011,38.26000000000022,0,3,9,52,0.0,0.39000000000010004
P168,S92,9,1211.01,0.11999999999989086,0,1,0,0,21.75,38.38000000000011,0,4,9,53,0.0,0.5099999999999909
P168,S92,9,1211.09,0.07999999999992724,0,1,0,0,21.829999999999927,38.460000000000036,0,5,9,54,0.0,0.5899999999999181
P168,S92,9,1211.19,0.10000000000013642,0,1,0,0,21.930000000000064,38.56000000000017,0,6,9,55,0.0,0.6900000000000546
P168,S92,9,1212.27,1.0799999999999272,0,1,0,0,23.00999999999999,39.6400000000001,0,7,9,56,0.0,1.7699999999999818
P168,S92,9,1212.86,0.5899999999999181,0,1,0,0,23.59999999999991,40.23000000000002,0,8,9,57,0.0,2.3599999999999
P168,S92,9,1213.2,0.3400000000001455,0,1,0,0,23.940000000000055,40.570000000000164,0,9,9,58,0.0,2.7000000000000455
P168,S92,9,1213.34,0.13999999999987267,0,1,0,0,24.079999999999927,40.710000000000036,0,10,9,59,0.0,2.839999999999918
P168,S92,9,1213.71,0.37000000000011823,0,1,0,0,24.450000000000045,41.080000000000155,0,11,9,60,0.0,3.2100000000000364
P168,S92,9,1214.01,0.2999999999999545,0,1,0,0,24.75,41.38000000000011,0,12,9,61,0.0,3.509999999999991
P168,S92,9,1214.44,0.43000000000006366,0,1,0,0,25.180000000000064,41.81000000000017,0,13,9,62,0.0,3.9400000000000546
P168,S92,9,1214.9,0.4600000000000364,0,1,0,0,25.6400000000001,42.27000000000021,0,14,9,63,0.0,4.400000000000091
P168,S92,9,1215.37,0.4699999999997999,0,1,0,0,26.1099999999999,42.74000000000001,0,15,9,64,0.0,4.869999999999891
P168,S92,9,1215.73,0.36000000000012733,0,1,0,0,26.470000000000027,43.100000000000136,0,16,9,65,0.0,5.230000000000018
P168,S92,9,1216.03,0.2999999999999545,0,1,0,0,26.769999999999982,43.40000000000009,0,17,9,66,0.0,5.529999999999973
P168,S92,9,1218.47,2.4400000000000546,1,0,0,0,29.210000000000036,45.840000000000146,0,0,10,66,0.0,0.0
P168,S92,9,1218.47,2.4400000000000546,1,0,1,0,0.0,48.2800000000002,1,0,0,66,2.4400000000000546,0.0
P168,S92,9,1223.06,4.589999999999918,1,0,0,0,4.589999999999918,52.87000000000012,0,0,1,66,2.4400000000000546,0.0
P168,S92,9,1223.16,0.10000000000013642,1,0,0,0,4.690000000000055,52.970000000000255,1,0,2,66,2.540000000000191,0.0
P168,S92,9,1224.78,1.6199999999998909,0,1,0,0,6.309999999999945,54.590000000000146,0,0,2,67,0.0,0.0
P168,S92,9,1225.31,0.5299999999999727,0,1,0,0,6.839999999999918,55.12000000000012,0,1,2,68,0.0,0.5299999999999727
P168,S92,9,1225.41,0.10000000000013642,0,1,0,0,6.940000000000055,55.220000000000255,0,2,2,69,0.0,0.6300000000001091
P168,S92,9,1225.77,0.35999999999989996,0,1,0,0,7.2999999999999545,55.580000000000155,0,3,2,70,0.0,0.9900000000000091
P168,S92,9,1225.88,0.11000000000012733,0,1,0,0,7.410000000000082,55.69000000000028,0,4,2,71,0.0,1.1000000000001364
P168,S92,9,1226.33,0.4499999999998181,0,1,0,0,7.8599999999999,56.1400000000001,0,5,2,72,0.0,1.5499999999999545
P168,S92,9,1226.43,0.10000000000013642,0,1,0,0,7.960000000000036,56.24000000000024,0,6,2,73,0.0,1.650000000000091
P168,S92,9,1226.54,0.10999999999989996,0,1,0,0,8.069999999999936,56.350000000000136,0,7,2,74,0.0,1.759999999999991
P168,S92,9,1226.64,0.10000000000013642,0,1,0,0,8.170000000000073,56.45000000000027,0,8,2,75,0.0,1.8600000000001273
P168,S92,9,1226.86,0.2199999999997999,0,1,0,0,8.389999999999873,56.67000000000007,0,9,2,76,0.0,2.0799999999999272
P168,S92,9,1226.97,0.11000000000012733,0,1,0,0,8.5,56.7800000000002,0,10,2,77,0.0,2.1900000000000546
P168,S92,9,1227.47,0.5,0,1,0,0,9.0,57.2800000000002,0,11,2,78,0.0,2.6900000000000546
P168,S92,9,1227.77,0.2999999999999545,0,1,0,0,9.299999999999955,57.580000000000155,0,12,2,79,0.0,2.990000000000009
P168,S92,9,1228.15,0.38000000000010914,0,1,0,0,9.680000000000064,57.960000000000264,0,13,2,80,0.0,3.3700000000001182
P168,S92,9,1228.23,0.07999999999992724,0,1,0,0,9.759999999999991,58.04000000000019,0,14,2,81,0.0,3.4500000000000455
P168,S92,9,1228.57,0.33999999999991815,0,1,0,0,10.099999999999909,58.38000000000011,0,15,2,82,0.0,3.7899999999999636
P168,S92,9,1228.71,0.14000000000010004,0,1,0,0,10.240000000000009,58.52000000000021,0,16,2,83,0.0,3.9300000000000637
P168,S92,9,1229.13,0.42000000000007276,0,1,0,0,10.660000000000082,58.94000000000028,0,17,2,84,0.0,4.350000000000136
P168,S92,9,1229.49,0.35999999999989996,0,1,0,0,11.019999999999982,59.30000000000018,0,18,2,85,0.0,4.710000000000036
P168,S92,9,1229.6,0.10999999999989996,0,1,0,0,11.129999999999882,59.41000000000008,0,19,2,86,0.0,4.819999999999936
P168,S92,9,1230.04,0.44000000000005457,0,1,0,0,11.569999999999936,59.850000000000136,0,20,2,87,0.0,5.259999999999991
P168,S92,9,1232.65,2.6100000000001273,1,0,0,0,14.180000000000064,62.460000000000264,0,0,3,87,0.0,0.0
P168,S92,9,1232.96,0.30999999999994543,1,0,0,0,14.490000000000009,62.77000000000021,1,0,4,87,0.30999999999994543,0.0
P168,S92,9,1233.45,0.4900000000000091,1,0,0,0,14.980000000000018,63.26000000000022,2,0,5,87,0.7999999999999545,0.0
P168,S92,9,1237.27,3.8199999999999363,0,1,0,0,18.799999999999955,67.08000000000015,0,0,5,88,0.0,0.0
P168,S92,9,1237.61,0.33999999999991815,0,1,0,0,19.139999999999873,67.42000000000007,0,1,5,89,0.0,0.33999999999991815
P168,S92,9,1238.01,0.40000000000009095,0,1,0,0,19.539999999999964,67.82000000000016,0,2,5,90,0.0,0.7400000000000091
P168,S92,9,1238.13,0.12000000000011823,0,1,0,0,19.660000000000082,67.94000000000028,0,3,5,91,0.0,0.8600000000001273
P168,S92,9,1238.34,0.209999999999809,0,1,0,0,19.86999999999989,68.15000000000009,0,4,5,92,0.0,1.0699999999999363
P168,S92,9,1238.44,0.10000000000013642,0,1,0,0,19.970000000000027,68.25000000000023,0,5,5,93,0.0,1.1700000000000728
P168,S92,9,1238.57,0.12999999999988177,0,1,0,0,20.09999999999991,68.38000000000011,0,6,5,94,0.0,1.2999999999999545
P168,S92,9,1238.82,0.25,0,1,0,0,20.34999999999991,68.63000000000011,0,7,5,95,0.0,1.5499999999999545
P168,S92,9,1239.02,0.20000000000004547,0,1,0,0,20.549999999999955,68.83000000000015,0,8,5,96,0.0,1.75
P168,S92,9,1239.02,0.20000000000004547,0,1,0,1,20.75,0.0,0,9,5,0,0.0,0.20000000000004547
