bird,session,pair,time,time_diff,resp_RI,resp_RR,reward_RI,reward_RR,time_since_last_reward_RI,time_since_last_reward_RR,visit_lenght_response_RI,visit_lenght_response_RR,responses_before_reward_RI,responses_before_reward_RR,visit_lenght_time_RI,visit_lenght_time_RR
P787,S64,7,0.0,0.0,0,0,0,0,0.0,0.0,0,0,0,0,0.0,0.0
P787,S64,7,1419.5,1419.5,1,0,0,0,1419.5,1419.5,0,0,1,0,0.0,0.0
P787,S64,7,1420.63,1.1300000000001091,0,1,0,0,1420.63,1420.63,0,0,1,1,0.0,0.0
P787,S64,7,1420.84,0.209999999999809,0,1,0,0,1420.84,1420.84,0,1,1,2,0.0,0.209999999999809
P787,S64,7,1421.06,0.22000000000002728,0,1,0,0,1421.06,1421.06,0,2,1,3,0.0,0.4299999999998363
P787,S64,7,1421.26,0.20000000000004547,0,1,0,0,1421.26,1421.26,0,3,1,4,0.0,0.6299999999998818
P787,S64,7,1421.38,0.12000000000011823,0,1,0,0,1421.38,1421.38,0,4,1,5,0.0,0.75
P787,S64,7,1421.59,0.209999999999809,0,1,0,0,1421.59,1421.59,0,5,1,6,0.0,0.959999999999809
P787,S64,7,1421.8,0.21000000000003638,0,1,0,0,1421.8,1421.8,0,6,1,7,0.0,1.1699999999998454
P787,S64,7,1422.02,0.22000000000002728,0,1,0,0,1422.02,1422.02,0,7,1,8,0.0,1.3899999999998727
P787,S64,7,1422.22,0.20000000000004547,0,1,0,0,1422.22,1422.22,0,8,1,9,0.0,1.5899999999999181
P787,S64,7,1422.41,0.19000000000005457,0,1,0,0,1422.41,1422.41,0,9,1,10,0.0,1.7799999999999727
P787,S64,7,1422.6,0.1899999999998272,0,1,0,0,1422.6,1422.6,0,10,1,11,0.0,1.9699999999998
P787,S64,7,1422.73,0.13000000000010914,0,1,0,0,1422.73,1422.73,0,11,1,12,0.0,2.099999999999909
P787,S64,7,1422.91,0.18000000000006366,0,1,0,0,1422.91,1422.91,0,12,1,13,0.0,2.2799999999999727
P787,S64,7,1423.11,0.1999999999998181,0,1,0,0,1423.11,1423.11,0,13,1,14,0.0,2.479999999999791
P787,S64,7,1423.74,0.6300000000001091,0,1,0,0,1423.74,1423.74,0,14,1,15,0.0,3.1099999999999
P787,S64,7,1424.01,0.2699999999999818,0,1,0,0,1424.01,1424.01,0,15,1,16,0.0,3.3799999999998818
P787,S64,7,1424.39,0.38000000000010914,0,1,0,0,1424.39,1424.39,0,16,1,17,0.0,3.759999999999991
P787,S64,7,1424.82,0.4299999999998363,0,1,0,0,1424.82,1424.82,0,17,1,18,0.0,4.189999999999827
P787,S64,7,1425.14,0.3200000000001637,0,1,0,0,1425.14,1425.14,0,18,1,19,0.0,4.509999999999991
P787,S64,7,1425.55,0.4099999999998545,0,1,0,0,1425.55,1425.55,0,19,1,20,0.0,4.919999999999845
P787,S64,7,1425.96,0.41000000000008185,0,1,0,0,1425.96,1425.96,0,20,1,21,0.0,5.329999999999927
P787,S64,7,1427.14,1.1800000000000637,1,0,0,0,1427.14,1427.14,0,0,2,21,0.0,0.0
P787,S64,7,1427.41,0.2699999999999818,1,0,0,0,1427.41,1427.41,1,0,3,21,0.2699999999999818,0.0
P787,S64,7,1427.78,0.36999999999989086,1,0,0,0,1427.78,1427.78,2,0,4,21,0.6399999999998727,0.0
P787,S64,7,1428.08,0.2999999999999545,1,0,0,0,1428.08,1428.08,3,0,5,21,0.9399999999998272,0.0
P787,S64,7,1428.75,0.6700000000000728,1,0,0,0,1428.75,1428.75,4,0,6,21,1.6099999999999,0.0
P787,S64,7,1429.62,0.8699999999998909,1,0,0,0,1429.62,1429.62,5,0,7,21,2.479999999999791,0.0
P787,S64,7,1431.26,1.6400000000001,0,1,0,0,1431.26,1431.26,0,0,7,22,0.0,0.0
P787,S64,7,1431.59,0.32999999999992724,0,1,0,0,1431.59,1431.59,0,1,7,23,0.0,0.32999999999992724
P787,S64,7,1432.15,0.5600000000001728,0,1,0,0,1432.15,1432.15,0,2,7,24,0.0,0.8900000000001
P787,S64,7,1432.15,0.5600000000001728,0,1,0,1,1432.7100000000003,0.0,0,3,7,0,0.0,0.5600000000001728
P787,S64,7,1436.32,4.169999999999845,0,1,0,0,1436.88,4.169999999999845,0,0,7,1,0.0,0.0
P787,S64,7,1436.68,0.36000000000012733,0,1,0,0,1437.2400000000002,4.529999999999973,0,1,7,2,0.0,0.36000000000012733
P787,S64,7,1436.8,0.11999999999989086,0,1,0,0,1437.3600000000001,4.649999999999864,0,2,7,3,0.0,0.4800000000000182
P787,S64,7,1437.14,0.3400000000001455,0,1,0,0,1437.7000000000003,4.990000000000009,0,3,7,4,0.0,0.8200000000001637
P787,S64,7,1437.35,0.209999999999809,0,1,0,0,1437.91,5.199999999999818,0,4,7,5,0.0,1.0299999999999727
P787,S64,7,1437.71,0.36000000000012733,0,1,0,0,1438.2700000000002,5.559999999999945,0,5,7,6,0.0,1.3900000000001
P787,S64,7,1437.98,0.2699999999999818,0,1,0,0,1438.5400000000002,5.829999999999927,0,6,7,7,0.0,1.6600000000000819
P787,S64,7,1438.34,0.35999999999989996,0,1,0,0,1438.9,6.189999999999827,0,7,7,8,0.0,2.019999999999982
P787,S64,7,1438.81,0.4700000000000273,0,1,0,0,1439.3700000000001,6.6599999999998545,0,8,7,9,0.0,2.490000000000009
P787,S64,7,1439.16,0.3500000000001364,0,1,0,0,1439.7200000000003,7.009999999999991,0,9,7,10,0.0,2.8400000000001455
P787,S64,7,1439.37,0.209999999999809,0,1,0,0,1439.93,7.2199999999998,0,10,7,11,0.0,3.0499999999999545
P787,S64,7,1439.37,0.209999999999809,0,1,0,1,1440.1399999999999,0.0,0,11,7,0,0.0,0.209999999999809
P787,S64,7,1444.04,4.670000000000073,0,1,0,0,1444.81,4.670000000000073,0,0,7,1,0.0,0.0
P787,S64,7,1444.36,0.31999999999993634,0,1,0,0,1445.1299999999999,4.990000000000009,0,1,7,2,0.0,0.31999999999993634
P787,S64,7,1444.59,0.2300000000000182,0,1,0,0,1445.36,5.220000000000027,0,2,7,3,0.0,0.5499999999999545
P787,S64,7,1444.83,0.2400000000000091,0,1,0,0,1445.6,5.460000000000036,0,3,7,4,0.0,0.7899999999999636
P787,S64,7,1444.95,0.12000000000011823,0,1,0,0,1445.72,5.580000000000155,0,4,7,5,0.0,0.9100000000000819
P787,S64,7,1445.21,0.2599999999999909,0,1,0,0,1445.98,5.8400000000001455,0,5,7,6,0.0,1.1700000000000728
P787,S64,7,1445.55,0.33999999999991815,0,1,0,0,1446.32,6.180000000000064,0,6,7,7,0.0,1.509999999999991
P787,S64,7,1445.89,0.3400000000001455,0,1,0,0,1446.66,6.520000000000209,0,7,7,8,0.0,1.8500000000001364
P787,S64,7,1446.33,0.4399999999998272,0,1,0,0,1447.1,6.960000000000036,0,8,7,9,0.0,2.2899999999999636
P787,S64,7,1446.58,0.25,0,1,0,0,1447.35,7.210000000000036,0,9,7,10,0.0,2.5399999999999636
P787,S64,7,1447.01,0.43000000000006366,0,1,0,0,1447.78,7.6400000000001,0,10,7,11,0.0,2.9700000000000273
P787,S64,7,1447.37,0.35999999999989996,0,1,0,0,1448.1399999999999,8.0,0,11,7,12,0.0,3.3299999999999272
P787,S64,7,1447.93,0.5600000000001728,0,1,0,0,1448.7,8.560000000000173,0,12,7,13,0.0,3.8900000000001
P787,S64,7,1448.22,0.2899999999999636,0,1,0,0,1448.99,8.850000000000136,0,13,7,14,0.0,4.180000000000064
P787,S64,7,1448.36,0.13999999999987267,0,1,0,0,1449.1299999999999,8.990000000000009,0,14,7,15,0.0,4.319999999999936
P787,S64,7,1448.56,0.20000000000004547,0,1,0,0,1449.33,9.190000000000055,0,15,7,16,0.0,4.519999999999982
P787,S64,7,1448.7,0.14000000000010004,0,1,0,0,1449.47,9.330000000000155,0,16,7,17,0.0,4.660000000000082
P787,S64,7,1448.77,0.06999999999993634,0,1,0,0,1449.54,9.400000000000091,0,17,7,18,0.0,4.730000000000018
P787,S64,7,1448.9,0.13000000000010914,0,1,0,0,1449.67,9.5300000000002,0,18,7,19,0.0,4.860000000000127
P787,S64,7,1450.3,1.3999999999998636,1,0,0,0,1451.07,10.930000000000064,0,0,8,19,0.0,0.0
P787,S64,7,1450.62,0.31999999999993634,1,0,0,0,1451.3899999999999,11.25,1,0,9,19,0.31999999999993634,0.0
P787,S64,7,1450.97,0.3500000000001364,1,0,0,0,1451.74,11.600000000000136,2,0,10,19,0.6700000000000728,0.0
P787,S64,7,1451.27,0.2999999999999545,1,0,0,0,1452.04,11.900000000000091,3,0,11,19,0.9700000000000273,0.0
P787,S64,7,1451.54,0.2699999999999818,1,0,0,0,1452.31,12.170000000000073,4,0,12,19,1.240000000000009,0.0
P787,S64,7,1451.82,0.2799999999999727,1,0,0,0,1452.59,12.450000000000045,5,0,13,19,1.5199999999999818,0.0
P787,S64,7,1452.49,0.6700000000000728,1,0,0,0,1453.26,13.120000000000118,6,0,14,19,2.1900000000000546,0.0
P787,S64,7,1452.55,0.05999999999994543,1,0,0,0,1453.32,13.180000000000064,7,0,15,19,2.25,0.0
P787,S64,7,1453.97,1.4200000000000728,1,0,0,0,1454.74,14.600000000000136,8,0,16,19,3.6700000000000728,0.0
P787,S64,7,1454.32,0.34999999999990905,1,0,0,0,1455.09,14.950000000000045,9,0,17,19,4.019999999999982,0.0
P787,S64,7,1454.7,0.38000000000010914,1,0,0,0,1455.47,15.330000000000155,10,0,18,19,4.400000000000091,0.0
P787,S64,7,1455.42,0.7200000000000273,1,0,0,0,1456.19,16.050000000000182,11,0,19,19,5.120000000000118,0.0
P787,S64,7,1455.78,0.35999999999989996,1,0,0,0,1456.55,16.410000000000082,12,0,20,19,5.480000000000018,0.0
P787,S64,7,1456.99,1.2100000000000364,1,0,0,0,1457.76,17.62000000000012,13,0,21,19,6.690000000000055,0.0
P787,S64,7,1458.12,1.1299999999998818,0,1,0,0,1458.8899999999999,18.75,0,0,21,20,0.0,0.0
P787,S64,7,1458.44,0.3200000000001637,0,1,0,0,1459.21,19.070000000000164,0,1,21,21,0.0,0.3200000000001637
P787,S64,7,1458.73,0.2899999999999636,0,1,0,0,1459.5,19.360000000000127,0,2,21,22,0.0,0.6100000000001273
P787,S64,7,1459.02,0.2899999999999636,0,1,0,0,1459.79,19.65000000000009,0,3,21,23,0.0,0.900000000000091
P787,S64,7,1459.39,0.37000000000011823,0,1,0,0,1460.16,20.02000000000021,0,4,21,24,0.0,1.2700000000002092
P787,S64,7,1459.74,0.34999999999990905,0,1,0,0,1460.51,20.37000000000012,0,5,21,25,0.0,1.6200000000001182
P787,S64,7,1460.15,0.41000000000008185,0,1,0,0,1460.92,20.7800000000002,0,6,21,26,0.0,2.0300000000002
P787,S64,7,1460.64,0.4900000000000091,0,1,0,0,1461.41,21.27000000000021,0,7,21,27,0.0,2.520000000000209
P787,S64,7,1460.97,0.32999999999992724,0,1,0,0,1461.74,21.600000000000136,0,8,21,28,0.0,2.8500000000001364
P787,S64,7,1461.31,0.33999999999991815,0,1,0,0,1462.08,21.940000000000055,0,9,21,29,0.0,3.1900000000000546
P787,S64,7,1461.73,0.42000000000007276,0,1,0,0,1462.5,22.360000000000127,0,10,21,30,0.0,3.6100000000001273
P787,S64,7,1462.12,0.38999999999987267,0,1,0,0,1462.8899999999999,22.75,0,11,21,31,0.0,4.0
P787,S64,7,1462.6,0.4800000000000182,0,1,0,0,1463.37,23.230000000000018,0,12,21,32,0.0,4.480000000000018
P787,S64,7,1463.74,1.1400000000001,1,0,0,0,1464.51,24.37000000000012,0,0,22,32,0.0,0.0
P787,S64,7,1464.09,0.34999999999990905,1,0,0,0,1464.86,24.720000000000027,1,0,23,32,0.34999999999990905,0.0
P787,S64,7,1464.42,0.3300000000001546,1,0,0,0,1465.19,25.050000000000182,2,0,24,32,0.6800000000000637,0.0
P787,S64,7,1464.46,0.03999999999996362,1,0,0,0,1465.23,25.090000000000146,3,0,25,32,0.7200000000000273,0.0
P787,S64,7,1464.77,0.30999999999994543,1,0,0,0,1465.54,25.40000000000009,4,0,26,32,1.0299999999999727,0.0
P787,S64,7,1466.14,1.3700000000001182,1,0,0,0,1466.91,26.77000000000021,5,0,27,32,2.400000000000091,0.0
P787,S64,7,1467.38,1.240000000000009,0,1,0,0,1468.15,28.01000000000022,0,0,27,33,0.0,0.0
P787,S64,7,1467.7,0.31999999999993634,0,1,0,0,1468.47,28.330000000000155,0,1,27,34,0.0,0.31999999999993634
P787,S64,7,1468.0,0.2999999999999545,0,1,0,0,1468.77,28.63000000000011,0,2,27,35,0.0,0.6199999999998909
P787,S64,7,1468.31,0.30999999999994543,0,1,0,0,1469.08,28.940000000000055,0,3,27,36,0.0,0.9299999999998363
P787,S64,7,1468.68,0.37000000000011823,0,1,0,0,1469.45,29.310000000000173,0,4,27,37,0.0,1.2999999999999545
P787,S64,7,1469.22,0.5399999999999636,0,1,0,0,1469.99,29.850000000000136,0,5,27,38,0.0,1.8399999999999181
P787,S64,7,1469.72,0.5,0,1,0,0,1470.49,30.350000000000136,0,6,27,39,0.0,2.339999999999918
P787,S64,7,1469.98,0.2599999999999909,0,1,0,0,1470.75,30.610000000000127,0,7,27,40,0.0,2.599999999999909
P787,S64,7,1470.17,0.19000000000005457,0,1,0,0,1470.94,30.800000000000182,0,8,27,41,0.0,2.7899999999999636
P787,S64,7,1470.6,0.4299999999998363,0,1,0,0,1471.37,31.230000000000018,0,9,27,42,0.0,3.2199999999998
P787,S64,7,1471.35,0.75,0,1,0,0,1472.12,31.980000000000018,0,10,27,43,0.0,3.9699999999998
P787,S64,7,1471.63,0.2800000000002001,0,1,0,0,1472.4,32.26000000000022,0,11,27,44,0.0,4.25
P787,S64,7,1472.38,0.75,0,1,0,0,1473.15,33.01000000000022,0,12,27,45,0.0,5.0
P787,S64,7,1473.18,0.7999999999999545,0,1,0,0,1473.95,33.81000000000017,0,13,27,46,0.0,5.7999999999999545
P787,S64,7,1473.36,0.1799999999998363,0,1,0,0,1474.1299999999999,33.99000000000001,0,14,27,47,0.0,5.979999999999791
P787,S64,7,1473.7,0.3400000000001455,0,1,0,0,1474.47,34.330000000000155,0,15,27,48,0.0,6.319999999999936
P787,S64,7,1473.82,0.11999999999989086,0,1,0,0,1474.59,34.450000000000045,0,16,27,49,0.0,6.439999999999827
P787,S64,7,1473.91,0.09000000000014552,0,1,0,0,1474.68,34.54000000000019,0,17,27,50,0.0,6.529999999999973
P787,S64,7,1473.98,0.06999999999993634,0,1,0,0,1474.75,34.61000000000013,0,18,27,51,0.0,6.599999999999909
P787,S64,7,1474.3,0.31999999999993634,0,1,0,0,1475.07,34.930000000000064,0,19,27,52,0.0,6.919999999999845
P787,S64,7,1474.72,0.42000000000007276,0,1,0,0,1475.49,35.350000000000136,0,20,27,53,0.0,7.339999999999918
P787,S64,7,1475.03,0.30999999999994543,0,1,0,0,1475.8,35.66000000000008,0,21,27,54,0.0,7.649999999999864
P787,S64,7,1475.43,0.40000000000009095,0,1,0,0,1476.2,36.06000000000017,0,22,27,55,0.0,8.049999999999955
P787,S64,7,1476.19,0.7599999999999909,0,1,0,0,1476.96,36.820000000000164,0,23,27,56,0.0,8.809999999999945
P787,S64,7,1476.46,0.2699999999999818,0,1,0,0,1477.23,37.090000000000146,0,24,27,57,0.0,9.079999999999927
P787,S64,7,1476.79,0.32999999999992724,0,1,0,0,1477.56,37.42000000000007,0,25,27,58,0.0,9.409999999999854
P787,S64,7,1477.27,0.4800000000000182,0,1,0,0,1478.04,37.90000000000009,0,26,27,59,0.0,9.889999999999873
P787,S64,7,1478.29,1.0199999999999818,0,1,0,0,1479.06,38.92000000000007,0,27,27,60,0.0,10.909999999999854
P787,S64,7,1478.55,0.2599999999999909,0,1,0,0,1479.32,39.180000000000064,0,28,27,61,0.0,11.169999999999845
P787,S64,7,1478.95,0.40000000000009095,0,1,0,0,1479.72,39.580000000000155,0,29,27,62,0.0,11.569999999999936
P787,S64,7,1480.31,1.3599999999999,0,1,0,0,1481.08,40.940000000000055,0,30,27,63,0.0,12.929999999999836
P787,S64,7,1480.53,0.22000000000002728,0,1,0,0,1481.3,41.16000000000008,0,31,27,64,0.0,13.149999999999864
P787,S64,7,1480.86,0.32999999999992724,0,1,0,0,1481.6299999999999,41.49000000000001,0,32,27,65,0.0,13.47999999999979
P787,S64,7,1481.08,0.22000000000002728,0,1,0,0,1481.85,41.710000000000036,0,33,27,66,0.0,13.699999999999818
P787,S64,7,1481.31,0.2300000000000182,0,1,0,0,1482.08,41.940000000000055,0,34,27,67,0.0,13.929999999999836
P787,S64,7,1482.95,1.6400000000001,0,1,0,0,1483.72,43.580000000000155,0,35,27,68,0.0,15.569999999999936
P787,S64,7,1483.22,0.2699999999999818,0,1,0,0,1483.99,43.850000000000136,0,36,27,69,0.0,15.839999999999918
P787,S64,7,1485.09,1.8699999999998909,0,1,0,0,1485.86,45.72000000000003,0,37,27,70,0.0,17.70999999999981
P787,S64,7,1485.31,0.22000000000002728,0,1,0,0,1486.08,45.940000000000055,0,38,27,71,0.0,17.929999999999836
P787,S64,7,1485.6,0.2899999999999636,0,1,0,0,1486.37,46.23000000000002,0,39,27,72,0.0,18.2199999999998
P787,S64,7,1485.83,0.2300000000000182,0,1,0,0,1486.6,46.460000000000036,0,40,27,73,0.0,18.449999999999818
P787,S64,7,1486.17,0.3400000000001455,0,1,0,0,1486.94,46.80000000000018,0,41,27,74,0.0,18.789999999999964
P787,S64,7,1486.36,0.1899999999998272,0,1,0,0,1487.1299999999999,46.99000000000001,0,42,27,75,0.0,18.97999999999979
P787,S64,7,1486.69,0.3300000000001546,0,1,0,0,1487.46,47.320000000000164,0,43,27,76,0.0,19.309999999999945
P787,S64,7,1487.15,0.4600000000000364,0,1,0,0,1487.92,47.7800000000002,0,44,27,77,0.0,19.769999999999982
P787,S64,7,1487.35,0.1999999999998181,0,1,0,0,1488.12,47.98000000000002,0,45,27,78,0.0,19.9699999999998
P787,S64,7,1488.08,0.7300000000000182,0,1,0,0,1488.85,48.710000000000036,0,46,27,79,0.0,20.699999999999818
P787,S64,7,1488.76,0.6800000000000637,0,1,0,0,1489.53,49.3900000000001,0,47,27,80,0.0,21.37999999999988
P787,S64,7,1489.1,0.33999999999991815,0,1,0,0,1489.87,49.73000000000002,0,48,27,81,0.0,21.7199999999998
P787,S64,7,1489.48,0.38000000000010914,0,1,0,0,1490.25,50.11000000000013,0,49,27,82,0.0,22.09999999999991
P787,S64,7,1489.77,0.2899999999999636,0,1,0,0,1490.54,50.40000000000009,0,50,27,83,0.0,22.389999999999873
P787,S64,7,1490.69,0.9200000000000728,0,1,0,0,1491.46,51.320000000000164,0,51,27,84,0.0,23.309999999999945
P787,S64,7,1490.94,0.25,0,1,0,0,1491.71,51.570000000000164,0,52,27,85,0.0,23.559999999999945
P787,S64,7,1491.29,0.34999999999990905,0,1,0,0,1492.06,51.92000000000007,0,53,27,86,0.0,23.909999999999854
P787,S64,7,1492.28,0.9900000000000091,0,1,0,0,1493.05,52.91000000000008,0,54,27,87,0.0,24.899999999999864
P787,S64,7,1492.53,0.25,0,1,0,0,1493.3,53.16000000000008,0,55,27,88,0.0,25.149999999999864
P787,S64,7,1492.86,0.32999999999992724,0,1,0,0,1493.6299999999999,53.49000000000001,0,56,27,89,0.0,25.47999999999979
P787,S64,7,1493.08,0.22000000000002728,0,1,0,0,1493.85,53.710000000000036,0,57,27,90,0.0,25.699999999999818
P787,S64,7,1493.44,0.36000000000012733,0,1,0,0,1494.21,54.070000000000164,0,58,27,91,0.0,26.059999999999945
P787,S64,7,1493.81,0.36999999999989086,0,1,0,0,1494.58,54.440000000000055,0,59,27,92,0.0,26.429999999999836
P787,S64,7,1494.03,0.22000000000002728,0,1,0,0,1494.8,54.66000000000008,0,60,27,93,0.0,26.649999999999864
P787,S64,7,1495.81,1.7799999999999727,1,0,0,0,1496.58,56.440000000000055,0,0,28,93,0.0,0.0
P787,S64,7,1496.04,0.2300000000000182,1,0,0,0,1496.81,56.67000000000007,1,0,29,93,0.2300000000000182,0.0
P787,S64,7,1496.41,0.37000000000011823,1,0,0,0,1497.18,57.04000000000019,2,0,30,93,0.6000000000001364,0.0
P787,S64,7,1496.7,0.2899999999999636,1,0,0,0,1497.47,57.330000000000155,3,0,31,93,0.8900000000001,0.0
P787,S64,7,1497.01,0.30999999999994543,1,0,0,0,1497.78,57.6400000000001,4,0,32,93,1.2000000000000455,0.0
P787,S64,7,1497.32,0.30999999999994543,1,0,0,0,1498.09,57.950000000000045,5,0,33,93,1.509999999999991,0.0
P787,S64,7,1497.82,0.5,1,0,0,0,1498.59,58.450000000000045,6,0,34,93,2.009999999999991,0.0
P787,S64,7,1499.56,1.740000000000009,1,0,0,0,1500.33,60.190000000000055,7,0,35,93,3.75,0.0
P787,S64,7,1501.07,1.509999999999991,1,0,0,0,1501.84,61.700000000000045,8,0,36,93,5.259999999999991,0.0
P787,S64,7,1502.36,1.2899999999999636,0,1,0,0,1503.1299999999999,62.99000000000001,0,0,36,94,0.0,0.0
P787,S64,7,1502.67,0.3100000000001728,0,1,0,0,1503.44,63.30000000000018,0,1,36,95,0.0,0.3100000000001728
P787,S64,7,1502.98,0.30999999999994543,0,1,0,0,1503.75,63.61000000000013,0,2,36,96,0.0,0.6200000000001182
P787,S64,7,1503.29,0.30999999999994543,0,1,0,0,1504.06,63.92000000000007,0,3,36,97,0.0,0.9300000000000637
P787,S64,7,1503.66,0.37000000000011823,0,1,0,0,1504.43,64.29000000000019,0,4,36,98,0.0,1.300000000000182
P787,S64,7,1503.96,0.2999999999999545,0,1,0,0,1504.73,64.59000000000015,0,5,36,99,0.0,1.6000000000001364
P787,S64,7,1504.23,0.2699999999999818,0,1,0,0,1505.0,64.86000000000013,0,6,36,100,0.0,1.8700000000001182
P787,S64,7,1504.57,0.33999999999991815,0,1,0,0,1505.34,65.20000000000005,0,7,36,101,0.0,2.2100000000000364
P787,S64,7,1504.93,0.36000000000012733,0,1,0,0,1505.7,65.56000000000017,0,8,36,102,0.0,2.5700000000001637
P787,S64,7,1505.38,0.4500000000000455,0,1,0,0,1506.15,66.01000000000022,0,9,36,103,0.0,3.020000000000209
P787,S64,7,1505.82,0.4399999999998272,0,1,0,0,1506.59,66.45000000000005,0,10,36,104,0.0,3.4600000000000364
P787,S64,7,1506.29,0.4700000000000273,0,1,0,0,1507.06,66.92000000000007,0,11,36,105,0.0,3.9300000000000637
P787,S64,7,1506.74,0.4500000000000455,0,1,0,0,1507.51,67.37000000000012,0,12,36,106,0.0,4.380000000000109
P787,S64,7,1507.48,0.7400000000000091,0,1,0,0,1508.25,68.11000000000013,0,13,36,107,0.0,5.120000000000118
P787,S64,7,1507.91,0.43000000000006366,0,1,0,0,1508.68,68.54000000000019,0,14,36,108,0.0,5.550000000000182
P787,S64,7,1508.2,0.2899999999999636,0,1,0,0,1508.97,68.83000000000015,0,15,36,109,0.0,5.8400000000001455
P787,S64,7,1508.98,0.7799999999999727,0,1,0,0,1509.75,69.61000000000013,0,16,36,110,0.0,6.620000000000118
P787,S64,7,1509.18,0.20000000000004547,0,1,0,0,1509.95,69.81000000000017,0,17,36,111,0.0,6.820000000000164
P787,S64,7,1509.44,0.2599999999999909,0,1,0,0,1510.21,70.07000000000016,0,18,36,112,0.0,7.080000000000155
P787,S64,7,1510.97,1.5299999999999727,1,0,0,0,1511.74,71.60000000000014,0,0,37,112,0.0,0.0
P787,S64,7,1511.24,0.2699999999999818,1,0,0,0,1512.01,71.87000000000012,1,0,38,112,0.2699999999999818,0.0
P787,S64,7,1511.55,0.30999999999994543,1,0,0,0,1512.32,72.18000000000006,2,0,39,112,0.5799999999999272,0.0
P787,S64,7,1511.91,0.36000000000012733,1,0,0,0,1512.68,72.54000000000019,3,0,40,112,0.9400000000000546,0.0
P787,S64,7,1513.55,1.6399999999998727,1,0,0,0,1514.32,74.18000000000006,4,0,41,112,2.5799999999999272,0.0
P787,S64,7,1513.84,0.2899999999999636,1,0,0,0,1514.61,74.47000000000003,5,0,42,112,2.869999999999891,0.0
P787,S64,7,1514.12,0.2799999999999727,1,0,0,0,1514.8899999999999,74.75,6,0,43,112,3.1499999999998636,0.0
P787,S64,7,1514.46,0.3400000000001455,1,0,0,0,1515.23,75.09000000000015,7,0,44,112,3.490000000000009,0.0
P787,S64,7,1516.62,2.1599999999998545,0,1,0,0,1517.3899999999999,77.25,0,0,44,113,0.0,0.0
P787,S64,7,1516.92,0.3000000000001819,0,1,0,0,1517.69,77.55000000000018,0,1,44,114,0.0,0.3000000000001819
P787,S64,7,1517.05,0.12999999999988177,0,1,0,0,1517.82,77.68000000000006,0,2,44,115,0.0,0.43000000000006366
P787,S64,7,1517.37,0.31999999999993634,0,1,0,0,1518.1399999999999,78.0,0,3,44,116,0.0,0.75
P787,S64,7,1517.68,0.3100000000001728,0,1,0,0,1518.45,78.31000000000017,0,4,44,117,0.0,1.0600000000001728
P787,S64,7,1518.05,0.36999999999989086,0,1,0,0,1518.82,78.68000000000006,0,5,44,118,0.0,1.4300000000000637
P787,S64,7,1518.46,0.41000000000008185,0,1,0,0,1519.23,79.09000000000015,0,6,44,119,0.0,1.8400000000001455
P787,S64,7,1519.03,0.5699999999999363,0,1,0,0,1519.8,79.66000000000008,0,7,44,120,0.0,2.410000000000082
P787,S64,7,1519.42,0.39000000000010004,0,1,0,0,1520.19,80.05000000000018,0,8,44,121,0.0,2.800000000000182
P787,S64,7,1519.88,0.4600000000000364,0,1,0,0,1520.65,80.51000000000022,0,9,44,122,0.0,3.2600000000002183
P787,S64,7,1520.53,0.6499999999998636,0,1,0,0,1521.3,81.16000000000008,0,10,44,123,0.0,3.910000000000082
P787,S64,7,1521.6,1.0699999999999363,0,1,0,0,1522.37,82.23000000000002,0,11,44,124,0.0,4.980000000000018
P787,S64,7,1521.97,0.37000000000011823,0,1,0,0,1522.74,82.60000000000014,0,12,44,125,0.0,5.350000000000136
P787,S64,7,1522.42,0.4500000000000455,0,1,0,0,1523.19,83.05000000000018,0,13,44,126,0.0,5.800000000000182
P787,S64,7,1523.2,0.7799999999999727,0,1,0,0,1523.97,83.83000000000015,0,14,44,127,0.0,6.580000000000155
P787,S64,7,1523.51,0.30999999999994543,0,1,0,0,1524.28,84.1400000000001,0,15,44,128,0.0,6.8900000000001
P787,S64,7,1523.99,0.4800000000000182,0,1,0,0,1524.76,84.62000000000012,0,16,44,129,0.0,7.370000000000118
P787,S64,7,1524.27,0.2799999999999727,0,1,0,0,1525.04,84.90000000000009,0,17,44,130,0.0,7.650000000000091
P787,S64,7,1524.62,0.34999999999990905,0,1,0,0,1525.3899999999999,85.25,0,18,44,131,0.0,8.0
P787,S64,7,1527.27,2.650000000000091,0,1,0,0,1528.04,87.90000000000009,0,19,44,132,0.0,10.650000000000091
P787,S64,7,1527.43,0.16000000000008185,0,1,0,0,1528.2,88.06000000000017,0,20,44,133,0.0,10.810000000000173
P787,S64,7,1527.65,0.22000000000002728,0,1,0,0,1528.42,88.2800000000002,0,21,44,134,0.0,11.0300000000002
P787,S64,7,1527.91,0.2599999999999909,0,1,0,0,1528.68,88.54000000000019,0,22,44,135,0.0,11.290000000000191
P787,S64,7,1528.25,0.33999999999991815,0,1,0,0,1529.02,88.88000000000011,0,23,44,136,0.0,11.63000000000011
P787,S64,7,1529.0,0.75,0,1,0,0,1529.77,89.63000000000011,0,24,44,137,0.0,12.38000000000011
P787,S64,7,1529.41,0.41000000000008185,0,1,0,0,1530.18,90.04000000000019,0,25,44,138,0.0,12.790000000000191
P787,S64,7,1530.93,1.5199999999999818,0,1,0,0,1531.7,91.56000000000017,0,26,44,139,0.0,14.310000000000173
P787,S64,7,1531.17,0.2400000000000091,0,1,0,0,1531.94,91.80000000000018,0,27,44,140,0.0,14.550000000000182
P787,S64,7,1531.49,0.31999999999993634,0,1,0,0,1532.26,92.12000000000012,0,28,44,141,0.0,14.870000000000118
P787,S64,7,1531.65,0.16000000000008185,0,1,0,0,1532.42,92.2800000000002,0,29,44,142,0.0,15.0300000000002
P787,S64,7,1531.97,0.31999999999993634,0,1,0,0,1532.74,92.60000000000014,0,30,44,143,0.0,15.350000000000136
P787,S64,7,1533.76,1.7899999999999636,1,0,0,0,1534.53,94.3900000000001,0,0,45,143,0.0,0.0
P787,S64,7,1534.12,0.35999999999989996,1,0,0,0,1534.8899999999999,94.75,1,0,46,143,0.35999999999989996,0.0
P787,S64,7,1534.85,0.7300000000000182,1,0,0,0,1535.62,95.48000000000002,2,0,47,143,1.0899999999999181,0.0
P787,S64,7,1535.18,0.3300000000001546,1,0,0,0,1535.95,95.81000000000017,3,0,48,143,1.4200000000000728,0.0
P787,S64,7,1537.23,2.0499999999999545,1,0,0,0,1538.0,97.86000000000013,4,0,49,143,3.4700000000000273,0.0
P787,S64,7,1538.34,1.1099999999999,0,1,0,0,1539.11,98.97000000000003,0,0,49,144,0.0,0.0
P787,S64,7,1538.67,0.3300000000001546,0,1,0,0,1539.44,99.30000000000018,0,1,49,145,0.0,0.3300000000001546
P787,S64,7,1538.97,0.2999999999999545,0,1,0,0,1539.74,99.60000000000014,0,2,49,146,0.0,0.6300000000001091
P787,S64,7,1539.21,0.2400000000000091,0,1,0,0,1539.98,99.84000000000015,0,3,49,147,0.0,0.8700000000001182
P787,S64,7,1539.65,0.44000000000005457,0,1,0,0,1540.42,100.2800000000002,0,4,49,148,0.0,1.3100000000001728
P787,S64,7,1540.23,0.5799999999999272,0,1,0,0,1541.0,100.86000000000013,0,5,49,149,0.0,1.8900000000001
P787,S64,7,1540.68,0.4500000000000455,0,1,0,0,1541.45,101.31000000000017,0,6,49,150,0.0,2.3400000000001455
P787,S64,7,1541.18,0.5,0,1,0,0,1541.95,101.81000000000017,0,7,49,151,0.0,2.8400000000001455
P787,S64,7,1541.65,0.4700000000000273,0,1,0,0,1542.42,102.2800000000002,0,8,49,152,0.0,3.310000000000173
P787,S64,7,1542.59,0.9399999999998272,0,1,0,0,1543.36,103.22000000000003,0,9,49,153,0.0,4.25
P787,S64,7,1542.81,0.22000000000002728,0,1,0,0,1543.58,103.44000000000005,0,10,49,154,0.0,4.470000000000027
P787,S64,7,1543.16,0.3500000000001364,0,1,0,0,1543.93,103.79000000000019,0,11,49,155,0.0,4.820000000000164
P787,S64,7,1543.58,0.4199999999998454,0,1,0,0,1544.35,104.21000000000004,0,12,49,156,0.0,5.240000000000009
P787,S64,7,1544.78,1.2000000000000455,0,1,0,0,1545.55,105.41000000000008,0,13,49,157,0.0,6.440000000000055
P787,S64,7,1545.02,0.2400000000000091,0,1,0,0,1545.79,105.65000000000009,0,14,49,158,0.0,6.680000000000064
P787,S64,7,1545.21,0.19000000000005457,0,1,0,0,1545.98,105.84000000000015,0,15,49,159,0.0,6.870000000000118
P787,S64,7,1545.53,0.31999999999993634,0,1,0,0,1546.3,106.16000000000008,0,16,49,160,0.0,7.190000000000055
P787,S64,7,1545.86,0.32999999999992724,0,1,0,0,1546.6299999999999,106.49000000000001,0,17,49,161,0.0,7.519999999999982
P787,S64,7,1546.02,0.16000000000008185,0,1,0,0,1546.79,106.65000000000009,0,18,49,162,0.0,7.680000000000064
P787,S64,7,1546.31,0.2899999999999636,0,1,0,0,1547.08,106.94000000000005,0,19,49,163,0.0,7.970000000000027
P787,S64,7,1546.68,0.37000000000011823,0,1,0,0,1547.45,107.31000000000017,0,20,49,164,0.0,8.340000000000146
P787,S64,7,1547.02,0.33999999999991815,0,1,0,0,1547.79,107.65000000000009,0,21,49,165,0.0,8.680000000000064
P787,S64,7,1547.54,0.5199999999999818,0,1,0,0,1548.31,108.17000000000007,0,22,49,166,0.0,9.200000000000045
P787,S64,7,1548.49,0.9500000000000455,0,1,0,0,1549.26,109.12000000000012,0,23,49,167,0.0,10.150000000000091
P787,S64,7,1548.9,0.41000000000008185,0,1,0,0,1549.67,109.5300000000002,0,24,49,168,0.0,10.560000000000173
P787,S64,7,1549.1,0.1999999999998181,0,1,0,0,1549.87,109.73000000000002,0,25,49,169,0.0,10.759999999999991
P787,S64,7,1549.46,0.36000000000012733,0,1,0,0,1550.23,110.09000000000015,0,26,49,170,0.0,11.120000000000118
P787,S64,7,1549.87,0.4099999999998545,0,1,0,0,1550.6399999999999,110.5,0,27,49,171,0.0,11.529999999999973
P787,S64,7,1550.1,0.2300000000000182,0,1,0,0,1550.87,110.73000000000002,0,28,49,172,0.0,11.759999999999991
P787,S64,7,1550.36,0.2599999999999909,0,1,0,0,1551.1299999999999,110.99000000000001,0,29,49,173,0.0,12.019999999999982
P787,S64,7,1550.69,0.3300000000001546,0,1,0,0,1551.46,111.32000000000016,0,30,49,174,0.0,12.350000000000136
P787,S64,7,1550.94,0.25,0,1,0,0,1551.71,111.57000000000016,0,31,49,175,0.0,12.600000000000136
P787,S64,7,1550.94,0.25,0,1,0,1,1551.96,0.0,0,32,49,0,0.0,0.25
P787,S64,7,1555.71,4.769999999999982,0,1,0,0,1556.73,4.769999999999982,0,0,49,1,0.0,0.0
P787,S64,7,1555.86,0.14999999999986358,0,1,0,0,1556.8799999999999,4.919999999999845,0,1,49,2,0.0,0.14999999999986358
P787,S64,7,1556.16,0.3000000000001819,0,1,0,0,1557.18,5.220000000000027,0,2,49,3,0.0,0.4500000000000455
P787,S64,7,1556.38,0.22000000000002728,0,1,0,0,1557.4,5.440000000000055,0,3,49,4,0.0,0.6700000000000728
P787,S64,7,1556.63,0.25,0,1,0,0,1557.65,5.690000000000055,0,4,49,5,0.0,0.9200000000000728
P787,S64,7,1556.63,0.25,0,1,0,1,1557.9,0.0,0,5,49,0,0.0,0.25
P787,S64,7,1561.01,4.379999999999882,0,1,0,0,1562.28,4.379999999999882,0,0,49,1,0.0,0.0
P787,S64,7,1561.31,0.2999999999999545,0,1,0,0,1562.58,4.679999999999836,0,1,49,2,0.0,0.2999999999999545
P787,S64,7,1561.46,0.15000000000009095,0,1,0,0,1562.73,4.829999999999927,0,2,49,3,0.0,0.4500000000000455
P787,S64,7,1561.78,0.31999999999993634,0,1,0,0,1563.05,5.149999999999864,0,3,49,4,0.0,0.7699999999999818
P787,S64,7,1561.88,0.10000000000013642,0,1,0,0,1563.15,5.25,0,4,49,5,0.0,0.8700000000001182
P787,S64,7,1562.25,0.36999999999989086,0,1,0,0,1563.52,5.619999999999891,0,5,49,6,0.0,1.240000000000009
P787,S64,7,1562.68,0.43000000000006366,0,1,0,0,1563.95,6.0499999999999545,0,6,49,7,0.0,1.6700000000000728
P787,S64,7,1562.93,0.25,0,1,0,0,1564.2,6.2999999999999545,0,7,49,8,0.0,1.9200000000000728
P787,S64,7,1563.31,0.37999999999988177,0,1,0,0,1564.58,6.679999999999836,0,8,49,9,0.0,2.2999999999999545
P787,S64,7,1563.58,0.2699999999999818,0,1,0,0,1564.85,6.949999999999818,0,9,49,10,0.0,2.5699999999999363
P787,S64,7,1564.37,0.7899999999999636,0,1,0,0,1565.6399999999999,7.739999999999782,0,10,49,11,0.0,3.3599999999999
P787,S64,7,1564.74,0.37000000000011823,0,1,0,0,1566.01,8.1099999999999,0,11,49,12,0.0,3.730000000000018
P787,S64,7,1565.62,0.8799999999998818,0,1,0,0,1566.8899999999999,8.989999999999782,0,12,49,13,0.0,4.6099999999999
P787,S64,7,1565.99,0.37000000000011823,0,1,0,0,1567.26,9.3599999999999,0,13,49,14,0.0,4.980000000000018
P787,S64,7,1566.37,0.37999999999988177,0,1,0,0,1567.6399999999999,9.739999999999782,0,14,49,15,0.0,5.3599999999999
P787,S64,7,1566.55,0.18000000000006366,0,1,0,0,1567.82,9.919999999999845,0,15,49,16,0.0,5.539999999999964
P787,S64,7,1566.85,0.2999999999999545,0,1,0,0,1568.12,10.2199999999998,0,16,49,17,0.0,5.839999999999918
P787,S64,7,1568.26,1.4100000000000819,0,1,0,0,1569.53,11.629999999999882,0,17,49,18,0.0,7.25
P787,S64,7,1568.48,0.22000000000002728,0,1,0,0,1569.75,11.849999999999909,0,18,49,19,0.0,7.470000000000027
P787,S64,7,1568.81,0.32999999999992724,0,1,0,0,1570.08,12.179999999999836,0,19,49,20,0.0,7.7999999999999545
P787,S64,7,1569.14,0.3300000000001546,0,1,0,0,1570.41,12.509999999999991,0,20,49,21,0.0,8.13000000000011
P787,S64,7,1569.44,0.2999999999999545,0,1,0,0,1570.71,12.809999999999945,0,21,49,22,0.0,8.430000000000064
P787,S64,7,1569.73,0.2899999999999636,0,1,0,0,1571.0,13.099999999999909,0,22,49,23,0.0,8.720000000000027
P787,S64,7,1570.02,0.2899999999999636,0,1,0,0,1571.29,13.389999999999873,0,23,49,24,0.0,9.009999999999991
P787,S64,7,1571.52,1.5,1,0,0,0,1572.79,14.889999999999873,0,0,50,24,0.0,0.0
P787,S64,7,1571.77,0.25,1,0,0,0,1573.04,15.139999999999873,1,0,51,24,0.25,0.0
P787,S64,7,1572.09,0.31999999999993634,1,0,0,0,1573.36,15.459999999999809,2,0,52,24,0.5699999999999363,0.0
P787,S64,7,1572.38,0.290000000000191,1,0,0,0,1573.65,15.75,3,0,53,24,0.8600000000001273,0.0
P787,S64,7,1572.7,0.31999999999993634,1,0,0,0,1573.97,16.069999999999936,4,0,54,24,1.1800000000000637,0.0
P787,S64,7,1572.98,0.2799999999999727,1,0,0,0,1574.25,16.34999999999991,5,0,55,24,1.4600000000000364,0.0
P787,S64,7,1573.38,0.40000000000009095,1,0,0,0,1574.65,16.75,6,0,56,24,1.8600000000001273,0.0
P787,S64,7,1574.99,1.6099999999999,1,0,0,0,1576.26,18.3599999999999,7,0,57,24,3.4700000000000273,0.0
P787,S64,7,1575.34,0.34999999999990905,1,0,0,0,1576.61,18.70999999999981,8,0,58,24,3.8199999999999363,0.0
P787,S64,7,1575.71,0.37000000000011823,1,0,0,0,1576.98,19.079999999999927,9,0,59,24,4.190000000000055,0.0
P787,S64,7,1576.03,0.31999999999993634,1,0,0,0,1577.3,19.399999999999864,10,0,60,24,4.509999999999991,0.0
P787,S64,7,1577.77,1.740000000000009,1,0,0,0,1579.04,21.139999999999873,11,0,61,24,6.25,0.0
P787,S64,7,1578.89,1.1200000000001182,0,1,0,0,1580.16,22.25999999999999,0,0,61,25,0.0,0.0
P787,S64,7,1579.27,0.37999999999988177,0,1,0,0,1580.54,22.639999999999873,0,1,61,26,0.0,0.37999999999988177
P787,S64,7,1579.59,0.31999999999993634,0,1,0,0,1580.86,22.95999999999981,0,2,61,27,0.0,0.6999999999998181
P787,S64,7,1579.95,0.36000000000012733,0,1,0,0,1581.22,23.319999999999936,0,3,61,28,0.0,1.0599999999999454
P787,S64,7,1580.35,0.3999999999998636,0,1,0,0,1581.62,23.7199999999998,0,4,61,29,0.0,1.459999999999809
P787,S64,7,1580.69,0.3400000000001455,0,1,0,0,1581.96,24.059999999999945,0,5,61,30,0.0,1.7999999999999545
P787,S64,7,1581.04,0.34999999999990905,0,1,0,0,1582.31,24.409999999999854,0,6,61,31,0.0,2.1499999999998636
P787,S64,7,1581.28,0.2400000000000091,0,1,0,0,1582.55,24.649999999999864,0,7,61,32,0.0,2.3899999999998727
P787,S64,7,1581.84,0.5599999999999454,0,1,0,0,1583.11,25.20999999999981,0,8,61,33,0.0,2.949999999999818
P787,S64,7,1582.23,0.39000000000010004,0,1,0,0,1583.5,25.59999999999991,0,9,61,34,0.0,3.339999999999918
P787,S64,7,1583.29,1.0599999999999454,0,1,0,0,1584.56,26.659999999999854,0,10,61,35,0.0,4.399999999999864
P787,S64,7,1583.59,0.2999999999999545,0,1,0,0,1584.86,26.95999999999981,0,11,61,36,0.0,4.699999999999818
P787,S64,7,1584.02,0.43000000000006366,0,1,0,0,1585.29,27.389999999999873,0,12,61,37,0.0,5.129999999999882
P787,S64,7,1584.34,0.31999999999993634,0,1,0,0,1585.61,27.70999999999981,0,13,61,38,0.0,5.449999999999818
P787,S64,7,1585.11,0.7699999999999818,0,1,0,0,1586.3799999999999,28.47999999999979,0,14,61,39,0.0,6.2199999999998
P787,S64,7,1585.3,0.19000000000005457,0,1,0,0,1586.57,28.669999999999845,0,15,61,40,0.0,6.4099999999998545
P787,S64,7,1585.45,0.15000000000009095,0,1,0,0,1586.72,28.819999999999936,0,16,61,41,0.0,6.559999999999945
P787,S64,7,1585.75,0.2999999999999545,0,1,0,0,1587.02,29.11999999999989,0,17,61,42,0.0,6.8599999999999
P787,S64,7,1585.91,0.16000000000008185,0,1,0,0,1587.18,29.279999999999973,0,18,61,43,0.0,7.019999999999982
P787,S64,7,1586.25,0.33999999999991815,0,1,0,0,1587.52,29.61999999999989,0,19,61,44,0.0,7.3599999999999
P787,S64,7,1586.54,0.2899999999999636,0,1,0,0,1587.81,29.909999999999854,0,20,61,45,0.0,7.649999999999864
P787,S64,7,1586.86,0.31999999999993634,0,1,0,0,1588.1299999999999,30.22999999999979,0,21,61,46,0.0,7.9699999999998
P787,S64,7,1587.28,0.42000000000007276,0,1,0,0,1588.55,30.649999999999864,0,22,61,47,0.0,8.389999999999873
P787,S64,7,1588.3,1.0199999999999818,0,1,0,0,1589.57,31.669999999999845,0,23,61,48,0.0,9.409999999999854
P787,S64,7,1588.57,0.2699999999999818,0,1,0,0,1589.84,31.939999999999827,0,24,61,49,0.0,9.679999999999836
P787,S64,7,1589.74,1.1700000000000728,0,1,0,0,1591.01,33.1099999999999,0,25,61,50,0.0,10.849999999999909
P787,S64,7,1589.94,0.20000000000004547,0,1,0,0,1591.21,33.309999999999945,0,26,61,51,0.0,11.049999999999955
P787,S64,7,1590.13,0.19000000000005457,0,1,0,0,1591.4,33.5,0,27,61,52,0.0,11.240000000000009
P787,S64,7,1590.46,0.32999999999992724,0,1,0,0,1591.73,33.82999999999993,0,28,61,53,0.0,11.569999999999936
P787,S64,7,1590.7,0.2400000000000091,0,1,0,0,1591.97,34.069999999999936,0,29,61,54,0.0,11.809999999999945
P787,S64,7,1590.94,0.2400000000000091,0,1,0,0,1592.21,34.309999999999945,0,30,61,55,0.0,12.049999999999955
P787,S64,7,1591.19,0.25,0,1,0,0,1592.46,34.559999999999945,0,31,61,56,0.0,12.299999999999955
P787,S64,7,1591.53,0.33999999999991815,0,1,0,0,1592.8,34.899999999999864,0,32,61,57,0.0,12.639999999999873
P787,S64,7,1591.84,0.30999999999994543,0,1,0,0,1593.11,35.20999999999981,0,33,61,58,0.0,12.949999999999818
P787,S64,7,1592.24,0.40000000000009095,0,1,0,0,1593.51,35.6099999999999,0,34,61,59,0.0,13.349999999999909
P787,S64,7,1592.51,0.2699999999999818,0,1,0,0,1593.78,35.87999999999988,0,35,61,60,0.0,13.61999999999989
P787,S64,7,1592.94,0.43000000000006366,0,1,0,0,1594.21,36.309999999999945,0,36,61,61,0.0,14.049999999999955
P787,S64,7,1593.35,0.4099999999998545,0,1,0,0,1594.62,36.7199999999998,0,37,61,62,0.0,14.459999999999809
P787,S64,7,1594.02,0.6700000000000728,0,1,0,0,1595.29,37.38999999999987,0,38,61,63,0.0,15.129999999999882
P787,S64,7,1594.23,0.21000000000003638,0,1,0,0,1595.5,37.59999999999991,0,39,61,64,0.0,15.339999999999918
P787,S64,7,1594.46,0.2300000000000182,0,1,0,0,1595.73,37.82999999999993,0,40,61,65,0.0,15.569999999999936
P787,S64,7,1594.82,0.35999999999989996,0,1,0,0,1596.09,38.18999999999983,0,41,61,66,0.0,15.929999999999836
P787,S64,7,1595.87,1.0499999999999545,0,1,0,0,1597.1399999999999,39.23999999999978,0,42,61,67,0.0,16.97999999999979
P787,S64,7,1596.23,0.36000000000012733,0,1,0,0,1597.5,39.59999999999991,0,43,61,68,0.0,17.339999999999918
P787,S64,7,1596.98,0.75,0,1,0,0,1598.25,40.34999999999991,0,44,61,69,0.0,18.089999999999918
P787,S64,7,1597.25,0.2699999999999818,0,1,0,0,1598.52,40.61999999999989,0,45,61,70,0.0,18.3599999999999
P787,S64,7,1597.31,0.05999999999994543,0,1,0,0,1598.58,40.679999999999836,0,46,61,71,0.0,18.419999999999845
P787,S64,7,1597.56,0.25,0,1,0,0,1598.83,40.929999999999836,0,47,61,72,0.0,18.669999999999845
P787,S64,7,1598.58,1.0199999999999818,0,1,0,0,1599.85,41.94999999999982,0,48,61,73,0.0,19.689999999999827
P787,S64,7,1598.95,0.37000000000011823,0,1,0,0,1600.22,42.319999999999936,0,49,61,74,0.0,20.059999999999945
P787,S64,7,1599.32,0.36999999999989086,0,1,0,0,1600.59,42.68999999999983,0,50,61,75,0.0,20.429999999999836
P787,S64,7,1599.77,0.4500000000000455,0,1,0,0,1601.04,43.13999999999987,0,51,61,76,0.0,20.87999999999988
P787,S64,7,1600.18,0.41000000000008185,0,1,0,0,1601.45,43.549999999999955,0,52,61,77,0.0,21.289999999999964
P787,S64,7,1600.38,0.20000000000004547,0,1,0,0,1601.65,43.75,0,53,61,78,0.0,21.49000000000001
P787,S64,7,1600.45,0.06999999999993634,0,1,0,0,1601.72,43.819999999999936,0,54,61,79,0.0,21.559999999999945
P787,S64,7,1600.78,0.32999999999992724,0,1,0,0,1602.05,44.149999999999864,0,55,61,80,0.0,21.889999999999873
P787,S64,7,1601.45,0.6700000000000728,0,1,0,0,1602.72,44.819999999999936,0,56,61,81,0.0,22.559999999999945
P787,S64,7,1601.76,0.30999999999994543,0,1,0,0,1603.03,45.12999999999988,0,57,61,82,0.0,22.86999999999989
P787,S64,7,1602.16,0.40000000000009095,0,1,0,0,1603.43,45.52999999999997,0,58,61,83,0.0,23.269999999999982
P787,S64,7,1602.83,0.6699999999998454,0,1,0,0,1604.1,46.19999999999982,0,59,61,84,0.0,23.939999999999827
P787,S64,7,1602.99,0.16000000000008185,0,1,0,0,1604.26,46.3599999999999,0,60,61,85,0.0,24.09999999999991
P787,S64,7,1603.34,0.34999999999990905,0,1,0,0,1604.61,46.70999999999981,0,61,61,86,0.0,24.449999999999818
P787,S64,7,1604.28,0.9400000000000546,0,1,0,0,1605.55,47.649999999999864,0,62,61,87,0.0,25.389999999999873
P787,S64,7,1604.58,0.2999999999999545,0,1,0,0,1605.85,47.94999999999982,0,63,61,88,0.0,25.689999999999827
P787,S64,7,1604.83,0.25,0,1,0,0,1606.1,48.19999999999982,0,64,61,89,0.0,25.939999999999827
P787,S64,7,1606.43,1.6000000000001364,1,0,0,0,1607.7,49.799999999999955,0,0,62,89,0.0,0.0
P787,S64,7,1606.65,0.22000000000002728,1,0,0,0,1607.92,50.01999999999998,1,0,63,89,0.22000000000002728,0.0
P787,S64,7,1606.98,0.32999999999992724,1,0,0,0,1608.25,50.34999999999991,2,0,64,89,0.5499999999999545,0.0
P787,S64,7,1607.28,0.2999999999999545,1,0,0,0,1608.55,50.649999999999864,3,0,65,89,0.849999999999909,0.0
P787,S64,7,1607.97,0.6900000000000546,1,0,0,0,1609.24,51.33999999999992,4,0,66,89,1.5399999999999636,0.0
P787,S64,7,1608.38,0.41000000000008185,1,0,0,0,1609.65,51.75,5,0,67,89,1.9500000000000455,0.0
P787,S64,7,1610.53,2.1499999999998636,0,1,0,0,1611.8,53.899999999999864,0,0,67,90,0.0,0.0
P787,S64,7,1610.82,0.2899999999999636,0,1,0,0,1612.09,54.18999999999983,0,1,67,91,0.0,0.2899999999999636
P787,S64,7,1611.15,0.3300000000001546,0,1,0,0,1612.42,54.51999999999998,0,2,67,92,0.0,0.6200000000001182
P787,S64,7,1611.54,0.38999999999987267,0,1,0,0,1612.81,54.909999999999854,0,3,67,93,0.0,1.009999999999991
P787,S64,7,1611.8,0.2599999999999909,0,1,0,0,1613.07,55.169999999999845,0,4,67,94,0.0,1.2699999999999818
P787,S64,7,1612.12,0.31999999999993634,0,1,0,0,1613.3899999999999,55.48999999999978,0,5,67,95,0.0,1.5899999999999181
P787,S64,7,1612.64,0.5200000000002092,0,1,0,0,1613.91,56.00999999999999,0,6,67,96,0.0,2.1100000000001273
P787,S64,7,1613.16,0.5199999999999818,0,1,0,0,1614.43,56.52999999999997,0,7,67,97,0.0,2.630000000000109
P787,S64,7,1613.36,0.1999999999998181,0,1,0,0,1614.6299999999999,56.72999999999979,0,8,67,98,0.0,2.8299999999999272
P787,S64,7,1614.2,0.8400000000001455,0,1,0,0,1615.47,57.569999999999936,0,9,67,99,0.0,3.6700000000000728
P787,S64,7,1615.34,1.1399999999998727,0,1,0,0,1616.61,58.70999999999981,0,10,67,100,0.0,4.809999999999945
P787,S64,7,1615.6,0.2599999999999909,0,1,0,0,1616.87,58.9699999999998,0,11,67,101,0.0,5.069999999999936
P787,S64,7,1615.82,0.22000000000002728,0,1,0,0,1617.09,59.18999999999983,0,12,67,102,0.0,5.289999999999964
P787,S64,7,1616.08,0.2599999999999909,0,1,0,0,1617.35,59.44999999999982,0,13,67,103,0.0,5.5499999999999545
P787,S64,7,1616.31,0.2300000000000182,0,1,0,0,1617.58,59.679999999999836,0,14,67,104,0.0,5.779999999999973
P787,S64,7,1616.53,0.22000000000002728,0,1,0,0,1617.8,59.899999999999864,0,15,67,105,0.0,6.0
P787,S64,7,1616.85,0.31999999999993634,0,1,0,0,1618.12,60.2199999999998,0,16,67,106,0.0,6.319999999999936
P787,S64,7,1617.02,0.17000000000007276,0,1,0,0,1618.29,60.38999999999987,0,17,67,107,0.0,6.490000000000009
P787,S64,7,1617.37,0.34999999999990905,0,1,0,0,1618.6399999999999,60.73999999999978,0,18,67,108,0.0,6.839999999999918
P787,S64,7,1617.86,0.4900000000000091,0,1,0,0,1619.1299999999999,61.22999999999979,0,19,67,109,0.0,7.329999999999927
P787,S64,7,1618.3,0.44000000000005457,0,1,0,0,1619.57,61.669999999999845,0,20,67,110,0.0,7.769999999999982
P787,S64,7,1619.06,0.7599999999999909,0,1,0,0,1620.33,62.429999999999836,0,21,67,111,0.0,8.529999999999973
P787,S64,7,1619.31,0.25,0,1,0,0,1620.58,62.679999999999836,0,22,67,112,0.0,8.779999999999973
P787,S64,7,1620.55,1.240000000000009,0,1,0,0,1621.82,63.919999999999845,0,23,67,113,0.0,10.019999999999982
P787,S64,7,1620.71,0.16000000000008185,0,1,0,0,1621.98,64.07999999999993,0,24,67,114,0.0,10.180000000000064
P787,S64,7,1620.88,0.17000000000007276,0,1,0,0,1622.15,64.25,0,25,67,115,0.0,10.350000000000136
P787,S64,7,1621.92,1.0399999999999636,0,1,0,0,1623.19,65.28999999999996,0,26,67,116,0.0,11.3900000000001
P787,S64,7,1622.1,0.1799999999998363,0,1,0,0,1623.37,65.4699999999998,0,27,67,117,0.0,11.569999999999936
P787,S64,7,1622.38,0.2800000000002001,0,1,0,0,1623.65,65.75,0,28,67,118,0.0,11.850000000000136
P787,S64,7,1623.39,1.009999999999991,0,1,0,0,1624.66,66.75999999999999,0,29,67,119,0.0,12.860000000000127
P787,S64,7,1623.58,0.1899999999998272,0,1,0,0,1624.85,66.94999999999982,0,30,67,120,0.0,13.049999999999955
P787,S64,7,1623.82,0.2400000000000091,0,1,0,0,1625.09,67.18999999999983,0,31,67,121,0.0,13.289999999999964
P787,S64,7,1624.11,0.2899999999999636,0,1,0,0,1625.3799999999999,67.47999999999979,0,32,67,122,0.0,13.579999999999927
P787,S64,7,1624.31,0.20000000000004547,0,1,0,0,1625.58,67.67999999999984,0,33,67,123,0.0,13.779999999999973
P787,S64,7,1624.6,0.2899999999999636,0,1,0,0,1625.87,67.9699999999998,0,34,67,124,0.0,14.069999999999936
P787,S64,7,1624.81,0.21000000000003638,0,1,0,0,1626.08,68.17999999999984,0,35,67,125,0.0,14.279999999999973
P787,S64,7,1625.04,0.2300000000000182,0,1,0,0,1626.31,68.40999999999985,0,36,67,126,0.0,14.509999999999991
P787,S64,7,1625.39,0.3500000000001364,0,1,0,0,1626.66,68.75999999999999,0,37,67,127,0.0,14.860000000000127
P787,S64,7,1625.63,0.2400000000000091,0,1,0,0,1626.9,69.0,0,38,67,128,0.0,15.100000000000136
P787,S64,7,1625.95,0.31999999999993634,0,1,0,0,1627.22,69.31999999999994,0,39,67,129,0.0,15.420000000000073
P787,S64,7,1626.24,0.2899999999999636,0,1,0,0,1627.51,69.6099999999999,0,40,67,130,0.0,15.710000000000036
P787,S64,7,1626.56,0.31999999999993634,0,1,0,0,1627.83,69.92999999999984,0,41,67,131,0.0,16.029999999999973
P787,S64,7,1627.79,1.2300000000000182,0,1,0,0,1629.06,71.15999999999985,0,42,67,132,0.0,17.25999999999999
P787,S64,7,1628.04,0.25,0,1,0,0,1629.31,71.40999999999985,0,43,67,133,0.0,17.50999999999999
P787,S64,7,1628.76,0.7200000000000273,0,1,0,0,1630.03,72.12999999999988,0,44,67,134,0.0,18.230000000000018
P787,S64,7,1628.82,0.05999999999994543,0,1,0,0,1630.09,72.18999999999983,0,45,67,135,0.0,18.289999999999964
P787,S64,7,1628.89,0.07000000000016371,0,1,0,0,1630.16,72.25999999999999,0,46,67,136,0.0,18.360000000000127
P787,S64,7,1629.23,0.33999999999991815,0,1,0,0,1630.5,72.59999999999991,0,47,67,137,0.0,18.700000000000045
P787,S64,7,1629.48,0.25,0,1,0,0,1630.75,72.84999999999991,0,48,67,138,0.0,18.950000000000045
P787,S64,7,1630.47,0.9900000000000091,0,1,0,0,1631.74,73.83999999999992,0,49,67,139,0.0,19.940000000000055
P787,S64,7,1630.63,0.16000000000008185,0,1,0,0,1631.9,74.0,0,50,67,140,0.0,20.100000000000136
P787,S64,7,1630.96,0.32999999999992724,0,1,0,0,1632.23,74.32999999999993,0,51,67,141,0.0,20.430000000000064
P787,S64,7,1631.35,0.38999999999987267,0,1,0,0,1632.62,74.7199999999998,0,52,67,142,0.0,20.819999999999936
P787,S64,7,1632.67,1.3200000000001637,1,0,0,0,1633.94,76.03999999999996,0,0,68,142,0.0,0.0
P787,S64,7,1632.9,0.2300000000000182,1,0,0,0,1634.17,76.26999999999998,1,0,69,142,0.2300000000000182,0.0
P787,S64,7,1633.22,0.31999999999993634,1,0,0,0,1634.49,76.58999999999992,2,0,70,142,0.5499999999999545,0.0
P787,S64,7,1633.94,0.7200000000000273,1,0,0,0,1635.21,77.30999999999995,3,0,71,142,1.2699999999999818,0.0
P787,S64,7,1634.3,0.35999999999989996,1,0,0,0,1635.57,77.66999999999985,4,0,72,142,1.6299999999998818,0.0
P787,S64,7,1636.15,1.8500000000001364,1,0,0,0,1637.42,79.51999999999998,5,0,73,142,3.480000000000018,0.0
P787,S64,7,1636.52,0.36999999999989086,1,0,0,0,1637.79,79.88999999999987,6,0,74,142,3.849999999999909,0.0
P787,S64,7,1637.97,1.4500000000000455,0,1,0,0,1639.24,81.33999999999992,0,0,74,143,0.0,0.0
P787,S64,7,1638.23,0.2599999999999909,0,1,0,0,1639.5,81.59999999999991,0,1,74,144,0.0,0.2599999999999909
P787,S64,7,1638.52,0.2899999999999636,0,1,0,0,1639.79,81.88999999999987,0,2,74,145,0.0,0.5499999999999545
P787,S64,7,1638.87,0.34999999999990905,0,1,0,0,1640.1399999999999,82.23999999999978,0,3,74,146,0.0,0.8999999999998636
P787,S64,7,1639.28,0.41000000000008185,0,1,0,0,1640.55,82.64999999999986,0,4,74,147,0.0,1.3099999999999454
P787,S64,7,1639.63,0.3500000000001364,0,1,0,0,1640.9,83.0,0,5,74,148,0.0,1.6600000000000819
P787,S64,7,1640.02,0.38999999999987267,0,1,0,0,1641.29,83.38999999999987,0,6,74,149,0.0,2.0499999999999545
P787,S64,7,1641.19,1.1700000000000728,0,1,0,0,1642.46,84.55999999999995,0,7,74,150,0.0,3.2200000000000273
P787,S64,7,1641.53,0.33999999999991815,0,1,0,0,1642.8,84.89999999999986,0,8,74,151,0.0,3.5599999999999454
P787,S64,7,1642.6,1.0699999999999363,0,1,0,0,1643.87,85.9699999999998,0,9,74,152,0.0,4.629999999999882
P787,S64,7,1642.79,0.19000000000005457,0,1,0,0,1644.06,86.15999999999985,0,10,74,153,0.0,4.819999999999936
P787,S64,7,1643.13,0.3400000000001455,0,1,0,0,1644.4,86.5,0,11,74,154,0.0,5.160000000000082
P787,S64,7,1643.48,0.34999999999990905,0,1,0,0,1644.75,86.84999999999991,0,12,74,155,0.0,5.509999999999991
P787,S64,7,1644.45,0.9700000000000273,0,1,0,0,1645.72,87.81999999999994,0,13,74,156,0.0,6.480000000000018
P787,S64,7,1644.66,0.21000000000003638,0,1,0,0,1645.93,88.02999999999997,0,14,74,157,0.0,6.690000000000055
P787,S64,7,1645.11,0.4499999999998181,0,1,0,0,1646.3799999999999,88.47999999999979,0,15,74,158,0.0,7.139999999999873
P787,S64,7,1645.18,0.07000000000016371,0,1,0,0,1646.45,88.54999999999995,0,16,74,159,0.0,7.210000000000036
P787,S64,7,1645.93,0.75,0,1,0,0,1647.2,89.29999999999995,0,17,74,160,0.0,7.960000000000036
P787,S64,7,1646.22,0.2899999999999636,0,1,0,0,1647.49,89.58999999999992,0,18,74,161,0.0,8.25
P787,S64,7,1647.05,0.8299999999999272,0,1,0,0,1648.32,90.41999999999985,0,19,74,162,0.0,9.079999999999927
P787,S64,7,1647.05,0.8299999999999272,0,1,0,1,1649.1499999999999,0.0,0,20,74,0,0.0,0.8299999999999272
P787,S64,7,1652.09,5.039999999999964,0,1,0,0,1654.1899999999998,5.039999999999964,0,0,74,1,0.0,0.0
P787,S64,7,1652.35,0.2599999999999909,0,1,0,0,1654.4499999999998,5.2999999999999545,0,1,74,2,0.0,0.2599999999999909
P787,S64,7,1652.62,0.2699999999999818,0,1,0,0,1654.7199999999998,5.569999999999936,0,2,74,3,0.0,0.5299999999999727
P787,S64,7,1652.87,0.25,0,1,0,0,1654.9699999999998,5.819999999999936,0,3,74,4,0.0,0.7799999999999727
P787,S64,7,1653.21,0.3400000000001455,0,1,0,0,1655.31,6.160000000000082,0,4,74,5,0.0,1.1200000000001182
P787,S64,7,1653.61,0.3999999999998636,0,1,0,0,1655.7099999999998,6.559999999999945,0,5,74,6,0.0,1.5199999999999818
P787,S64,7,1653.88,0.2700000000002092,0,1,0,0,1655.98,6.830000000000155,0,6,74,7,0.0,1.790000000000191
P787,S64,7,1654.16,0.2799999999999727,0,1,0,0,1656.26,7.110000000000127,0,7,74,8,0.0,2.0700000000001637
P787,S64,7,1654.63,0.4700000000000273,0,1,0,0,1656.73,7.580000000000155,0,8,74,9,0.0,2.540000000000191
P787,S64,7,1654.63,0.4700000000000273,0,1,0,1,1657.2,0.0,0,9,74,0,0.0,0.4700000000000273
P787,S64,7,1659.23,4.599999999999909,0,1,0,0,1661.8,4.599999999999909,0,0,74,1,0.0,0.0
P787,S64,7,1659.51,0.2799999999999727,0,1,0,0,1662.08,4.879999999999882,0,1,74,2,0.0,0.2799999999999727
P787,S64,7,1659.51,0.2799999999999727,0,1,0,1,1662.36,0.0,0,2,74,0,0.0,0.2799999999999727
P787,S64,7,1663.4,3.8900000000001,0,1,0,0,1666.25,3.8900000000001,0,0,74,1,0.0,0.0
P787,S64,7,1663.71,0.30999999999994543,0,1,0,0,1666.56,4.2000000000000455,0,1,74,2,0.0,0.30999999999994543
P787,S64,7,1663.89,0.18000000000006366,0,1,0,0,1666.74,4.380000000000109,0,2,74,3,0.0,0.4900000000000091
P787,S64,7,1664.2,0.30999999999994543,0,1,0,0,1667.05,4.690000000000055,0,3,74,4,0.0,0.7999999999999545
P787,S64,7,1664.42,0.22000000000002728,0,1,0,0,1667.27,4.910000000000082,0,4,74,5,0.0,1.0199999999999818
P787,S64,7,1664.77,0.34999999999990905,0,1,0,0,1667.62,5.259999999999991,0,5,74,6,0.0,1.3699999999998909
P787,S64,7,1665.13,0.36000000000012733,0,1,0,0,1667.98,5.620000000000118,0,6,74,7,0.0,1.7300000000000182
P787,S64,7,1665.54,0.4099999999998545,0,1,0,0,1668.3899999999999,6.029999999999973,0,7,74,8,0.0,2.1399999999998727
P787,S64,7,1665.87,0.32999999999992724,0,1,0,0,1668.7199999999998,6.3599999999999,0,8,74,9,0.0,2.4699999999998
P787,S64,7,1666.17,0.3000000000001819,0,1,0,0,1669.02,6.660000000000082,0,9,74,10,0.0,2.769999999999982
P787,S64,7,1666.59,0.4199999999998454,0,1,0,0,1669.4399999999998,7.079999999999927,0,10,74,11,0.0,3.189999999999827
P787,S64,7,1668.24,1.650000000000091,0,1,0,0,1671.09,8.730000000000018,0,11,74,12,0.0,4.839999999999918
P787,S64,7,1668.53,0.2899999999999636,0,1,0,0,1671.3799999999999,9.019999999999982,0,12,74,13,0.0,5.129999999999882
P787,S64,7,1668.84,0.30999999999994543,0,1,0,0,1671.6899999999998,9.329999999999927,0,13,74,14,0.0,5.439999999999827
P787,S64,7,1669.25,0.41000000000008185,0,1,0,0,1672.1,9.740000000000009,0,14,74,15,0.0,5.849999999999909
P787,S64,7,1670.47,1.2200000000000273,1,0,0,0,1673.32,10.960000000000036,0,0,75,15,0.0,0.0
P787,S64,7,1670.74,0.2699999999999818,1,0,0,0,1673.59,11.230000000000018,1,0,76,15,0.2699999999999818,0.0
P787,S64,7,1671.07,0.32999999999992724,1,0,0,0,1673.9199999999998,11.559999999999945,2,0,77,15,0.599999999999909,0.0
P787,S64,7,1671.82,0.75,1,0,0,0,1674.6699999999998,12.309999999999945,3,0,78,15,1.349999999999909,0.0
P787,S64,7,1671.82,0.75,1,0,1,0,0.0,13.059999999999945,4,0,0,15,0.75,0.0
P787,S64,7,1675.75,3.9300000000000637,1,0,0,0,3.9300000000000637,16.99000000000001,0,0,1,15,0.75,0.0
P787,S64,7,1676.18,0.43000000000006366,1,0,0,0,4.360000000000127,17.420000000000073,1,0,2,15,1.1800000000000637,0.0
P787,S64,7,1677.3,1.1199999999998909,0,1,0,0,5.480000000000018,18.539999999999964,0,0,2,16,0.0,0.0
P787,S64,7,1677.55,0.25,0,1,0,0,5.730000000000018,18.789999999999964,0,1,2,17,0.0,0.25
P787,S64,7,1677.89,0.3400000000001455,0,1,0,0,6.070000000000164,19.13000000000011,0,2,2,18,0.0,0.5900000000001455
P787,S64,7,1678.24,0.34999999999990905,0,1,0,0,6.420000000000073,19.480000000000018,0,3,2,19,0.0,0.9400000000000546
P787,S64,7,1678.57,0.32999999999992724,0,1,0,0,6.75,19.809999999999945,0,4,2,20,0.0,1.2699999999999818
P787,S64,7,1678.85,0.2799999999999727,0,1,0,0,7.029999999999973,20.089999999999918,0,5,2,21,0.0,1.5499999999999545
P787,S64,7,1679.21,0.36000000000012733,0,1,0,0,7.3900000000001,20.450000000000045,0,6,2,22,0.0,1.9100000000000819
P787,S64,7,1679.65,0.44000000000005457,0,1,0,0,7.830000000000155,20.8900000000001,0,7,2,23,0.0,2.3500000000001364
P787,S64,7,1680.72,1.0699999999999363,1,0,0,0,8.900000000000091,21.960000000000036,0,0,3,23,0.0,0.0
P787,S64,7,1681.0,0.2799999999999727,1,0,0,0,9.180000000000064,22.24000000000001,1,0,4,23,0.2799999999999727,0.0
P787,S64,7,1681.38,0.38000000000010914,1,0,0,0,9.560000000000173,22.62000000000012,2,0,5,23,0.6600000000000819,0.0
P787,S64,7,1681.72,0.33999999999991815,1,0,0,0,9.900000000000091,22.960000000000036,3,0,6,23,1.0,0.0
P787,S64,7,1681.98,0.2599999999999909,1,0,0,0,10.160000000000082,23.220000000000027,4,0,7,23,1.259999999999991,0.0
P787,S64,7,1682.29,0.30999999999994543,1,0,0,0,10.470000000000027,23.529999999999973,5,0,8,23,1.5699999999999363,0.0
P787,S64,7,1683.29,1.0,1,0,0,0,11.470000000000027,24.529999999999973,6,0,9,23,2.5699999999999363,0.0
P787,S64,7,1684.93,1.6400000000001,0,1,0,0,13.110000000000127,26.170000000000073,0,0,9,24,0.0,0.0
P787,S64,7,1685.23,0.2999999999999545,0,1,0,0,13.410000000000082,26.470000000000027,0,1,9,25,0.0,0.2999999999999545
P787,S64,7,1685.49,0.2599999999999909,0,1,0,0,13.670000000000073,26.730000000000018,0,2,9,26,0.0,0.5599999999999454
P787,S64,7,1685.77,0.2799999999999727,0,1,0,0,13.950000000000045,27.00999999999999,0,3,9,27,0.0,0.8399999999999181
P787,S64,7,1686.04,0.2699999999999818,0,1,0,0,14.220000000000027,27.279999999999973,0,4,9,28,0.0,1.1099999999999
P787,S64,7,1686.46,0.42000000000007276,0,1,0,0,14.6400000000001,27.700000000000045,0,5,9,29,0.0,1.5299999999999727
P787,S64,7,1686.78,0.31999999999993634,0,1,0,0,14.960000000000036,28.019999999999982,0,6,9,30,0.0,1.849999999999909
P787,S64,7,1687.57,0.7899999999999636,0,1,0,0,15.75,28.809999999999945,0,7,9,31,0.0,2.6399999999998727
P787,S64,7,1687.96,0.39000000000010004,0,1,0,0,16.1400000000001,29.200000000000045,0,8,9,32,0.0,3.0299999999999727
P787,S64,7,1689.07,1.1099999999999,1,0,0,0,17.25,30.309999999999945,0,0,10,32,0.0,0.0
P787,S64,7,1689.31,0.2400000000000091,1,0,0,0,17.49000000000001,30.549999999999955,1,0,11,32,0.2400000000000091,0.0
P787,S64,7,1689.62,0.30999999999994543,1,0,0,0,17.799999999999955,30.8599999999999,2,0,12,32,0.5499999999999545,0.0
P787,S64,7,1689.95,0.3300000000001546,1,0,0,0,18.13000000000011,31.190000000000055,3,0,13,32,0.8800000000001091,0.0
P787,S64,7,1690.31,0.35999999999989996,1,0,0,0,18.49000000000001,31.549999999999955,4,0,14,32,1.240000000000009,0.0
P787,S64,7,1691.61,1.2999999999999545,1,0,0,0,19.789999999999964,32.84999999999991,5,0,15,32,2.5399999999999636,0.0
P787,S64,7,1693.15,1.540000000000191,0,1,0,0,21.330000000000155,34.3900000000001,0,0,15,33,0.0,0.0
P787,S64,7,1693.44,0.2899999999999636,0,1,0,0,21.62000000000012,34.680000000000064,0,1,15,34,0.0,0.2899999999999636
P787,S64,7,1693.73,0.2899999999999636,0,1,0,0,21.910000000000082,34.97000000000003,0,2,15,35,0.0,0.5799999999999272
P787,S64,7,1694.03,0.2999999999999545,0,1,0,0,22.210000000000036,35.26999999999998,0,3,15,36,0.0,0.8799999999998818
P787,S64,7,1694.39,0.36000000000012733,0,1,0,0,22.570000000000164,35.63000000000011,0,4,15,37,0.0,1.240000000000009
P787,S64,7,1694.87,0.4799999999997908,0,1,0,0,23.049999999999955,36.1099999999999,0,5,15,38,0.0,1.7199999999998
P787,S64,7,1695.52,0.650000000000091,0,1,0,0,23.700000000000045,36.75999999999999,0,6,15,39,0.0,2.369999999999891
P787,S64,7,1696.23,0.7100000000000364,0,1,0,0,24.410000000000082,37.47000000000003,0,7,15,40,0.0,3.0799999999999272
P787,S64,7,1696.47,0.2400000000000091,0,1,0,0,24.65000000000009,37.710000000000036,0,8,15,41,0.0,3.3199999999999363
P787,S64,7,1697.51,1.0399999999999636,0,1,0,0,25.690000000000055,38.75,0,9,15,42,0.0,4.3599999999999
P787,S64,7,1697.77,0.2599999999999909,0,1,0,0,25.950000000000045,39.00999999999999,0,10,15,43,0.0,4.619999999999891
P787,S64,7,1698.17,0.40000000000009095,0,1,0,0,26.350000000000136,39.41000000000008,0,11,15,44,0.0,5.019999999999982
P787,S64,7,1698.5,0.32999999999992724,0,1,0,0,26.680000000000064,39.74000000000001,0,12,15,45,0.0,5.349999999999909
P787,S64,7,1699.33,0.8299999999999272,0,1,0,0,27.50999999999999,40.569999999999936,0,13,15,46,0.0,6.179999999999836
P787,S64,7,1699.65,0.3200000000001637,0,1,0,0,27.830000000000155,40.8900000000001,0,14,15,47,0.0,6.5
P787,S64,7,1700.46,0.8099999999999454,0,1,0,0,28.6400000000001,41.700000000000045,0,15,15,48,0.0,7.309999999999945
P787,S64,7,1700.77,0.30999999999994543,0,1,0,0,28.950000000000045,42.00999999999999,0,16,15,49,0.0,7.619999999999891
P787,S64,7,1701.48,0.7100000000000364,0,1,0,0,29.660000000000082,42.72000000000003,0,17,15,50,0.0,8.329999999999927
P787,S64,7,1701.76,0.2799999999999727,0,1,0,0,29.940000000000055,43.0,0,18,15,51,0.0,8.6099999999999
P787,S64,7,1702.06,0.2999999999999545,0,1,0,0,30.24000000000001,43.299999999999955,0,19,15,52,0.0,8.909999999999854
P787,S64,7,1702.78,0.7200000000000273,0,1,0,0,30.960000000000036,44.01999999999998,0,20,15,53,0.0,9.629999999999882
P787,S64,7,1702.86,0.07999999999992724,0,1,0,0,31.039999999999964,44.09999999999991,0,21,15,54,0.0,9.709999999999809
P787,S64,7,1703.04,0.18000000000006366,0,1,0,0,31.220000000000027,44.27999999999997,0,22,15,55,0.0,9.889999999999873
P787,S64,7,1703.34,0.2999999999999545,0,1,0,0,31.519999999999982,44.57999999999993,0,23,15,56,0.0,10.189999999999827
P787,S64,7,1704.78,1.4400000000000546,1,0,0,0,32.960000000000036,46.01999999999998,0,0,16,56,0.0,0.0
P787,S64,7,1705.08,0.2999999999999545,1,0,0,0,33.25999999999999,46.319999999999936,1,0,17,56,0.2999999999999545,0.0
P787,S64,7,1705.4,0.3200000000001637,1,0,0,0,33.580000000000155,46.6400000000001,2,0,18,56,0.6200000000001182,0.0
P787,S64,7,1705.7,0.2999999999999545,1,0,0,0,33.88000000000011,46.940000000000055,3,0,19,56,0.9200000000000728,0.0
P787,S64,7,1706.02,0.31999999999993634,1,0,0,0,34.200000000000045,47.25999999999999,4,0,20,56,1.240000000000009,0.0
P787,S64,7,1707.98,1.9600000000000364,1,0,0,0,36.16000000000008,49.22000000000003,5,0,21,56,3.2000000000000455,0.0
P787,S64,7,1709.66,1.6800000000000637,0,1,0,0,37.840000000000146,50.90000000000009,0,0,21,57,0.0,0.0
P787,S64,7,1709.9,0.2400000000000091,0,1,0,0,38.080000000000155,51.1400000000001,0,1,21,58,0.0,0.2400000000000091
P787,S64,7,1710.28,0.37999999999988177,0,1,0,0,38.460000000000036,51.51999999999998,0,2,21,59,0.0,0.6199999999998909
P787,S64,7,1710.61,0.32999999999992724,0,1,0,0,38.789999999999964,51.84999999999991,0,3,21,60,0.0,0.9499999999998181
P787,S64,7,1710.91,0.3000000000001819,0,1,0,0,39.090000000000146,52.15000000000009,0,4,21,61,0.0,1.25
P787,S64,7,1711.3,0.38999999999987267,0,1,0,0,39.48000000000002,52.539999999999964,0,5,21,62,0.0,1.6399999999998727
P787,S64,7,1711.72,0.42000000000007276,0,1,0,0,39.90000000000009,52.960000000000036,0,6,21,63,0.0,2.0599999999999454
P787,S64,7,1712.46,0.7400000000000091,0,1,0,0,40.6400000000001,53.700000000000045,0,7,21,64,0.0,2.7999999999999545
P787,S64,7,1712.72,0.2599999999999909,0,1,0,0,40.90000000000009,53.960000000000036,0,8,21,65,0.0,3.0599999999999454
P787,S64,7,1712.72,0.2599999999999909,0,1,0,1,41.16000000000008,0.0,0,9,21,0,0.0,0.2599999999999909
P787,S64,7,1717.09,4.369999999999891,0,1,0,0,45.52999999999997,4.369999999999891,0,0,21,1,0.0,0.0
P787,S64,7,1717.33,0.2400000000000091,0,1,0,0,45.76999999999998,4.6099999999999,0,1,21,2,0.0,0.2400000000000091
P787,S64,7,1717.41,0.08000000000015461,0,1,0,0,45.850000000000136,4.690000000000055,0,2,21,3,0.0,0.3200000000001637
P787,S64,7,1717.53,0.11999999999989086,0,1,0,0,45.97000000000003,4.809999999999945,0,3,21,4,0.0,0.44000000000005457
P787,S64,7,1717.76,0.2300000000000182,0,1,0,0,46.200000000000045,5.039999999999964,0,4,21,5,0.0,0.6700000000000728
P787,S64,7,1718.11,0.34999999999990905,0,1,0,0,46.549999999999955,5.389999999999873,0,5,21,6,0.0,1.0199999999999818
P787,S64,7,1718.47,0.36000000000012733,0,1,0,0,46.91000000000008,5.75,0,6,21,7,0.0,1.3800000000001091
P787,S64,7,1718.88,0.41000000000008185,0,1,0,0,47.320000000000164,6.160000000000082,0,7,21,8,0.0,1.790000000000191
P787,S64,7,1719.24,0.35999999999989996,0,1,0,0,47.680000000000064,6.519999999999982,0,8,21,9,0.0,2.150000000000091
P787,S64,7,1719.24,0.35999999999989996,0,1,0,1,48.039999999999964,0.0,0,9,21,0,0.0,0.35999999999989996
