bird,session,pair,time,time_diff,resp_RI,resp_RR,reward_RI,reward_RR,time_since_last_reward_RI,time_since_last_reward_RR,visit_lenght_response_RI,visit_lenght_response_RR,responses_before_reward_RI,responses_before_reward_RR,visit_lenght_time_RI,visit_lenght_time_RR
P450,S41,3,0.0,0.0,0,0,0,0,0.0,0.0,0,0,0,0,0.0,0.0
P450,S41,3,5.59,5.59,1,0,0,0,5.59,5.59,0,0,1,0,0.0,0.0
P450,S41,3,5.59,0.0,1,0,1,0,0.0,5.59,1,0,0,0,0.0,0.0
P450,S41,3,10.75,5.16,1,0,0,0,5.16,10.75,0,0,1,0,0.0,0.0
P450,S41,3,11.08,0.33000000000000007,1,0,0,0,5.49,11.08,1,0,2,0,0.33000000000000007,0.0
P450,S41,3,12.28,1.1999999999999993,1,0,0,0,6.6899999999999995,12.28,2,0,3,0,1.5299999999999994,0.0
P450,S41,3,14.41,2.130000000000001,1,0,0,0,8.82,14.41,3,0,4,0,3.66,0.0
P450,S41,3,15.19,0.7799999999999994,1,0,0,0,9.6,15.19,4,0,5,0,4.4399999999999995,0.0
P450,S41,3,15.48,0.2900000000000009,1,0,0,0,9.89,15.48,5,0,6,0,4.73,0.0
P450,S41,3,16.45,0.9699999999999989,1,0,0,0,10.86,16.45,6,0,7,0,5.699999999999999,0.0
P450,S41,3,17.19,0.740000000000002,1,0,0,0,11.600000000000001,17.19,7,0,8,0,6.440000000000001,0.0
P450,S41,3,17.96,0.7699999999999996,1,0,0,0,12.370000000000001,17.96,8,0,9,0,7.210000000000001,0.0
P450,S41,3,18.66,0.6999999999999993,1,0,0,0,13.07,18.66,9,0,10,0,7.91,0.0
P450,S41,3,20.09,1.4299999999999997,1,0,0,0,14.5,20.09,10,0,11,0,9.34,0.0
P450,S41,3,20.89,0.8000000000000007,1,0,0,0,15.3,20.89,11,0,12,0,10.14,0.0
P450,S41,3,20.89,0.0,1,0,1,0,0.0,20.89,12,0,0,0,0.0,0.0
P450,S41,3,25.19,4.300000000000001,1,0,0,0,4.300000000000001,25.19,0,0,1,0,0.0,0.0
P450,S41,3,26.24,1.0499999999999972,1,0,0,0,5.349999999999998,26.24,1,0,2,0,1.0499999999999972,0.0
P450,S41,3,28.26,2.020000000000003,1,0,0,0,7.370000000000001,28.26,2,0,3,0,3.0700000000000003,0.0
P450,S41,3,29.07,0.8099999999999987,1,0,0,0,8.18,29.07,3,0,4,0,3.879999999999999,0.0
P450,S41,3,29.78,0.7100000000000009,1,0,0,0,8.89,29.78,4,0,5,0,4.59,0.0
P450,S41,3,30.21,0.4299999999999997,1,0,0,0,9.32,30.21,5,0,6,0,5.02,0.0
P450,S41,3,30.96,0.75,1,0,0,0,10.07,30.96,6,0,7,0,5.77,0.0
P450,S41,3,31.71,0.75,1,0,0,0,10.82,31.71,7,0,8,0,6.52,0.0
P450,S41,3,33.25,1.5399999999999991,1,0,0,0,12.36,33.25,8,0,9,0,8.059999999999999,0.0
P450,S41,3,33.25,0.0,1,0,1,0,0.0,33.25,9,0,0,0,0.0,0.0
P450,S41,3,37.51,4.259999999999998,1,0,0,0,4.259999999999998,37.51,0,0,1,0,0.0,0.0
P450,S41,3,37.9,0.39000000000000057,1,0,0,0,4.649999999999999,37.9,1,0,2,0,0.39000000000000057,0.0
P450,S41,3,38.36,0.46000000000000085,1,0,0,0,5.109999999999999,38.36,2,0,3,0,0.8500000000000014,0.0
P450,S41,3,39.12,0.759999999999998,1,0,0,0,5.869999999999997,39.12,3,0,4,0,1.6099999999999994,0.0
P450,S41,3,40.48,1.3599999999999994,1,0,0,0,7.229999999999997,40.48,4,0,5,0,2.969999999999999,0.0
P450,S41,3,41.18,0.7000000000000028,1,0,0,0,7.93,41.18,5,0,6,0,3.6700000000000017,0.0
P450,S41,3,42.2,1.0200000000000031,1,0,0,0,8.950000000000003,42.2,6,0,7,0,4.690000000000005,0.0
P450,S41,3,43.03,0.8299999999999983,1,0,0,0,9.780000000000001,43.03,7,0,8,0,5.520000000000003,0.0
P450,S41,3,43.84,0.8100000000000023,1,0,0,0,10.590000000000003,43.84,8,0,9,0,6.330000000000005,0.0
P450,S41,3,43.84,0.0,1,0,1,0,0.0,43.84,9,0,0,0,0.0,0.0
P450,S41,3,48.5,4.659999999999997,1,0,0,0,4.659999999999997,48.5,0,0,1,0,0.0,0.0
P450,S41,3,49.31,0.8100000000000023,1,0,0,0,5.469999999999999,49.31,1,0,2,0,0.8100000000000023,0.0
P450,S41,3,49.98,0.6699999999999946,1,0,0,0,6.1399999999999935,49.98,2,0,3,0,1.4799999999999969,0.0
P450,S41,3,50.7,0.720000000000006,1,0,0,0,6.859999999999999,50.7,3,0,4,0,2.200000000000003,0.0
P450,S41,3,50.7,0.0,1,0,1,0,0.0,50.7,4,0,0,0,0.0,0.0
P450,S41,3,55.73,5.029999999999994,1,0,0,0,5.029999999999994,55.73,0,0,1,0,0.0,0.0
P450,S41,3,56.56,0.8300000000000054,1,0,0,0,5.859999999999999,56.56,1,0,2,0,0.8300000000000054,0.0
P450,S41,3,56.98,0.4199999999999946,1,0,0,0,6.279999999999994,56.98,2,0,3,0,1.25,0.0
P450,S41,3,57.38,0.4000000000000057,1,0,0,0,6.68,57.38,3,0,4,0,1.6500000000000057,0.0
P450,S41,3,57.38,0.0,1,0,1,0,0.0,57.38,4,0,0,0,0.0,0.0
P450,S41,3,61.67,4.289999999999999,1,0,0,0,4.289999999999999,61.67,0,0,1,0,0.0,0.0
P450,S41,3,62.36,0.6899999999999977,1,0,0,0,4.979999999999997,62.36,1,0,2,0,0.6899999999999977,0.0
P450,S41,3,62.71,0.3500000000000014,1,0,0,0,5.329999999999998,62.71,2,0,3,0,1.0399999999999991,0.0
P450,S41,3,63.58,0.8699999999999974,1,0,0,0,6.199999999999996,63.58,3,0,4,0,1.9099999999999966,0.0
P450,S41,3,64.2,0.6200000000000045,1,0,0,0,6.82,64.2,4,0,5,0,2.530000000000001,0.0
P450,S41,3,65.21,1.009999999999991,1,0,0,0,7.829999999999991,65.21,5,0,6,0,3.539999999999992,0.0
P450,S41,3,65.54,0.3300000000000125,1,0,0,0,8.160000000000004,65.54,6,0,7,0,3.8700000000000045,0.0
P450,S41,3,66.4,0.8599999999999994,1,0,0,0,9.020000000000003,66.4,7,0,8,0,4.730000000000004,0.0
P450,S41,3,66.4,0.0,1,0,1,0,0.0,66.4,8,0,0,0,0.0,0.0
P450,S41,3,72.22,5.819999999999993,1,0,0,0,5.819999999999993,72.22,0,0,1,0,0.0,0.0
P450,S41,3,72.67,0.45000000000000284,1,0,0,0,6.269999999999996,72.67,1,0,2,0,0.45000000000000284,0.0
P450,S41,3,73.04,0.37000000000000455,1,0,0,0,6.640000000000001,73.04,2,0,3,0,0.8200000000000074,0.0
P450,S41,3,73.04,0.0,1,0,1,0,0.0,73.04,3,0,0,0,0.0,0.0
P450,S41,3,77.11,4.069999999999993,1,0,0,0,4.069999999999993,77.11,0,0,1,0,0.0,0.0
P450,S41,3,78.58,1.4699999999999989,1,0,0,0,5.539999999999992,78.58,1,0,2,0,1.4699999999999989,0.0
P450,S41,3,78.97,0.39000000000000057,1,0,0,0,5.929999999999993,78.97,2,0,3,0,1.8599999999999994,0.0
P450,S41,3,80.11,1.1400000000000006,1,0,0,0,7.069999999999993,80.11,3,0,4,0,3.0,0.0
P450,S41,3,80.93,0.8200000000000074,1,0,0,0,7.890000000000001,80.93,4,0,5,0,3.8200000000000074,0.0
P450,S41,3,81.64,0.7099999999999937,1,0,0,0,8.599999999999994,81.64,5,0,6,0,4.530000000000001,0.0
P450,S41,3,82.45,0.8100000000000023,1,0,0,0,9.409999999999997,82.45,6,0,7,0,5.340000000000003,0.0
P450,S41,3,82.9,0.45000000000000284,1,0,0,0,9.86,82.9,7,0,8,0,5.790000000000006,0.0
P450,S41,3,83.35,0.44999999999998863,1,0,0,0,10.309999999999988,83.35,8,0,9,0,6.239999999999995,0.0
P450,S41,3,84.05,0.7000000000000028,1,0,0,0,11.009999999999991,84.05,9,0,10,0,6.939999999999998,0.0
P450,S41,3,84.92,0.8700000000000045,1,0,0,0,11.879999999999995,84.92,10,0,11,0,7.810000000000002,0.0
P450,S41,3,85.71,0.789999999999992,1,0,0,0,12.669999999999987,85.71,11,0,12,0,8.599999999999994,0.0
P450,S41,3,86.42,0.710000000000008,1,0,0,0,13.379999999999995,86.42,12,0,13,0,9.310000000000002,0.0
P450,S41,3,87.1,0.6799999999999926,1,0,0,0,14.059999999999988,87.1,13,0,14,0,9.989999999999995,0.0
P450,S41,3,87.75,0.6500000000000057,1,0,0,0,14.709999999999994,87.75,14,0,15,0,10.64,0.0
P450,S41,3,88.22,0.46999999999999886,1,0,0,0,15.179999999999993,88.22,15,0,16,0,11.11,0.0
P450,S41,3,88.88,0.6599999999999966,1,0,0,0,15.83999999999999,88.88,16,0,17,0,11.769999999999996,0.0
P450,S41,3,89.62,0.7400000000000091,1,0,0,0,16.58,89.62,17,0,18,0,12.510000000000005,0.0
P450,S41,3,90.75,1.1299999999999955,1,0,0,0,17.709999999999994,90.75,18,0,19,0,13.64,0.0
P450,S41,3,91.6,0.8499999999999943,1,0,0,0,18.559999999999988,91.6,19,0,20,0,14.489999999999995,0.0
P450,S41,3,93.09,1.490000000000009,1,0,0,0,20.049999999999997,93.09,20,0,21,0,15.980000000000004,0.0
P450,S41,3,93.42,0.3299999999999983,1,0,0,0,20.379999999999995,93.42,21,0,22,0,16.310000000000002,0.0
P450,S41,3,94.14,0.7199999999999989,1,0,0,0,21.099999999999994,94.14,22,0,23,0,17.03,0.0
P450,S41,3,94.98,0.8400000000000034,1,0,0,0,21.939999999999998,94.98,23,0,24,0,17.870000000000005,0.0
P450,S41,3,95.83,0.8499999999999943,1,0,0,0,22.789999999999992,95.83,24,0,25,0,18.72,0.0
P450,S41,3,96.57,0.7399999999999949,1,0,0,0,23.529999999999987,96.57,25,0,26,0,19.459999999999994,0.0
P450,S41,3,96.94,0.37000000000000455,1,0,0,0,23.89999999999999,96.94,26,0,27,0,19.83,0.0
P450,S41,3,97.61,0.6700000000000017,1,0,0,0,24.569999999999993,97.61,27,0,28,0,20.5,0.0
P450,S41,3,98.83,1.2199999999999989,1,0,0,0,25.789999999999992,98.83,28,0,29,0,21.72,0.0
P450,S41,3,100.03,1.2000000000000028,1,0,0,0,26.989999999999995,100.03,29,0,30,0,22.92,0.0
P450,S41,3,101.6,1.5699999999999932,1,0,0,0,28.559999999999988,101.6,30,0,31,0,24.489999999999995,0.0
P450,S41,3,102.79,1.190000000000012,1,0,0,0,29.75,102.79,31,0,32,0,25.680000000000007,0.0
P450,S41,3,102.79,0.0,1,0,1,0,0.0,102.79,32,0,0,0,0.0,0.0
P450,S41,3,107.03,4.239999999999995,1,0,0,0,4.239999999999995,107.03,0,0,1,0,0.0,0.0
P450,S41,3,107.39,0.35999999999999943,1,0,0,0,4.599999999999994,107.39,1,0,2,0,0.35999999999999943,0.0
P450,S41,3,107.8,0.4099999999999966,1,0,0,0,5.009999999999991,107.8,2,0,3,0,0.769999999999996,0.0
P450,S41,3,108.19,0.39000000000000057,1,0,0,0,5.3999999999999915,108.19,3,0,4,0,1.1599999999999966,0.0
P450,S41,3,108.58,0.39000000000000057,1,0,0,0,5.789999999999992,108.58,4,0,5,0,1.5499999999999972,0.0
P450,S41,3,109.22,0.6400000000000006,1,0,0,0,6.429999999999993,109.22,5,0,6,0,2.1899999999999977,0.0
P450,S41,3,109.57,0.3499999999999943,1,0,0,0,6.779999999999987,109.57,6,0,7,0,2.539999999999992,0.0
P450,S41,3,109.57,0.0,1,0,1,0,0.0,109.57,7,0,0,0,0.0,0.0
P450,S41,3,113.58,4.010000000000005,1,0,0,0,4.010000000000005,113.58,0,0,1,0,0.0,0.0
P450,S41,3,114.34,0.7600000000000051,1,0,0,0,4.77000000000001,114.34,1,0,2,0,0.7600000000000051,0.0
P450,S41,3,114.34,0.0,1,0,1,0,0.0,114.34,2,0,0,0,0.0,0.0
P450,S41,3,118.54,4.200000000000003,1,0,0,0,4.200000000000003,118.54,0,0,1,0,0.0,0.0
P450,S41,3,119.65,1.1099999999999994,1,0,0,0,5.310000000000002,119.65,1,0,2,0,1.1099999999999994,0.0
P450,S41,3,119.65,0.0,1,0,1,0,0.0,119.65,2,0,0,0,0.0,0.0
P450,S41,3,124.16,4.509999999999991,1,0,0,0,4.509999999999991,124.16,0,0,1,0,0.0,0.0
P450,S41,3,124.54,0.38000000000000966,1,0,0,0,4.890000000000001,124.54,1,0,2,0,0.38000000000000966,0.0
P450,S41,3,124.91,0.36999999999999034,1,0,0,0,5.259999999999991,124.91,2,0,3,0,0.75,0.0
P450,S41,3,125.74,0.8299999999999983,1,0,0,0,6.089999999999989,125.74,3,0,4,0,1.5799999999999983,0.0
P450,S41,3,127.31,1.5700000000000074,1,0,0,0,7.659999999999997,127.31,4,0,5,0,3.1500000000000057,0.0
P450,S41,3,127.31,0.0,1,0,1,0,0.0,127.31,5,0,0,0,0.0,0.0
P450,S41,3,131.14,3.829999999999984,1,0,0,0,3.829999999999984,131.14,0,0,1,0,0.0,0.0
P450,S41,3,131.51,0.37000000000000455,1,0,0,0,4.199999999999989,131.51,1,0,2,0,0.37000000000000455,0.0
P450,S41,3,131.88,0.37000000000000455,1,0,0,0,4.569999999999993,131.88,2,0,3,0,0.7400000000000091,0.0
P450,S41,3,132.67,0.789999999999992,1,0,0,0,5.359999999999985,132.67,3,0,4,0,1.5300000000000011,0.0
P450,S41,3,133.04,0.37000000000000455,1,0,0,0,5.72999999999999,133.04,4,0,5,0,1.9000000000000057,0.0
P450,S41,3,134.52,1.4800000000000182,1,0,0,0,7.210000000000008,134.52,5,0,6,0,3.380000000000024,0.0
P450,S41,3,134.93,0.4099999999999966,1,0,0,0,7.6200000000000045,134.93,6,0,7,0,3.7900000000000205,0.0
P450,S41,3,136.07,1.1399999999999864,1,0,0,0,8.759999999999991,136.07,7,0,8,0,4.930000000000007,0.0
P450,S41,3,136.07,0.0,1,0,1,0,0.0,136.07,8,0,0,0,0.0,0.0
P450,S41,3,140.23,4.159999999999997,1,0,0,0,4.159999999999997,140.23,0,0,1,0,0.0,0.0
P450,S41,3,140.58,0.35000000000002274,1,0,0,0,4.510000000000019,140.58,1,0,2,0,0.35000000000002274,0.0
P450,S41,3,141.42,0.839999999999975,1,0,0,0,5.349999999999994,141.42,2,0,3,0,1.1899999999999977,0.0
P450,S41,3,141.84,0.4200000000000159,1,0,0,0,5.77000000000001,141.84,3,0,4,0,1.6100000000000136,0.0
P450,S41,3,142.27,0.4300000000000068,1,0,0,0,6.200000000000017,142.27,4,0,5,0,2.0400000000000205,0.0
P450,S41,3,142.65,0.37999999999999545,1,0,0,0,6.5800000000000125,142.65,5,0,6,0,2.420000000000016,0.0
P450,S41,3,143.49,0.8400000000000034,1,0,0,0,7.420000000000016,143.49,6,0,7,0,3.2600000000000193,0.0
P450,S41,3,143.89,0.39999999999997726,1,0,0,0,7.819999999999993,143.89,7,0,8,0,3.6599999999999966,0.0
P450,S41,3,144.27,0.3800000000000239,1,0,0,0,8.200000000000017,144.27,8,0,9,0,4.0400000000000205,0.0
P450,S41,3,145.05,0.7800000000000011,1,0,0,0,8.980000000000018,145.05,9,0,10,0,4.820000000000022,0.0
P450,S41,3,146.06,1.009999999999991,1,0,0,0,9.990000000000009,146.06,10,0,11,0,5.8300000000000125,0.0
P450,S41,3,147.19,1.1299999999999955,1,0,0,0,11.120000000000005,147.19,11,0,12,0,6.960000000000008,0.0
P450,S41,3,147.58,0.3900000000000148,1,0,0,0,11.51000000000002,147.58,12,0,13,0,7.350000000000023,0.0
P450,S41,3,147.97,0.38999999999998636,1,0,0,0,11.900000000000006,147.97,13,0,14,0,7.740000000000009,0.0
P450,S41,3,149.07,1.0999999999999943,1,0,0,0,13.0,149.07,14,0,15,0,8.840000000000003,0.0
P450,S41,3,149.76,0.6899999999999977,1,0,0,0,13.689999999999998,149.76,15,0,16,0,9.530000000000001,0.0
P450,S41,3,150.49,0.7300000000000182,1,0,0,0,14.420000000000016,150.49,16,0,17,0,10.26000000000002,0.0
P450,S41,3,151.19,0.6999999999999886,1,0,0,0,15.120000000000005,151.19,17,0,18,0,10.960000000000008,0.0
P450,S41,3,151.19,0.0,1,0,1,0,0.0,151.19,18,0,0,0,0.0,0.0
P450,S41,3,155.49,4.300000000000011,1,0,0,0,4.300000000000011,155.49,0,0,1,0,0.0,0.0
P450,S41,3,156.28,0.789999999999992,1,0,0,0,5.090000000000003,156.28,1,0,2,0,0.789999999999992,0.0
P450,S41,3,156.68,0.4000000000000057,1,0,0,0,5.490000000000009,156.68,2,0,3,0,1.1899999999999977,0.0
P450,S41,3,157.06,0.37999999999999545,1,0,0,0,5.8700000000000045,157.06,3,0,4,0,1.5699999999999932,0.0
P450,S41,3,157.78,0.7199999999999989,1,0,0,0,6.590000000000003,157.78,4,0,5,0,2.289999999999992,0.0
P450,S41,3,158.16,0.37999999999999545,1,0,0,0,6.969999999999999,158.16,5,0,6,0,2.6699999999999875,0.0
P450,S41,3,159.36,1.200000000000017,1,0,0,0,8.170000000000016,159.36,6,0,7,0,3.8700000000000045,0.0
P450,S41,3,159.76,0.39999999999997726,1,0,0,0,8.569999999999993,159.76,7,0,8,0,4.269999999999982,0.0
P450,S41,3,160.14,0.37999999999999545,1,0,0,0,8.949999999999989,160.14,8,0,9,0,4.649999999999977,0.0
P450,S41,3,161.19,1.0500000000000114,1,0,0,0,10.0,161.19,9,0,10,0,5.699999999999989,0.0
P450,S41,3,161.99,0.8000000000000114,1,0,0,0,10.800000000000011,161.99,10,0,11,0,6.5,0.0
P450,S41,3,162.87,0.8799999999999955,1,0,0,0,11.680000000000007,162.87,11,0,12,0,7.3799999999999955,0.0
P450,S41,3,163.55,0.6800000000000068,1,0,0,0,12.360000000000014,163.55,12,0,13,0,8.060000000000002,0.0
P450,S41,3,163.97,0.4199999999999875,1,0,0,0,12.780000000000001,163.97,13,0,14,0,8.47999999999999,0.0
P450,S41,3,164.41,0.4399999999999977,1,0,0,0,13.219999999999999,164.41,14,0,15,0,8.919999999999987,0.0
P450,S41,3,165.07,0.6599999999999966,1,0,0,0,13.879999999999995,165.07,15,0,16,0,9.579999999999984,0.0
P450,S41,3,165.87,0.8000000000000114,1,0,0,0,14.680000000000007,165.87,16,0,17,0,10.379999999999995,0.0
P450,S41,3,166.56,0.6899999999999977,1,0,0,0,15.370000000000005,166.56,17,0,18,0,11.069999999999993,0.0
P450,S41,3,167.21,0.6500000000000057,1,0,0,0,16.02000000000001,167.21,18,0,19,0,11.719999999999999,0.0
P450,S41,3,167.98,0.7699999999999818,1,0,0,0,16.789999999999992,167.98,19,0,20,0,12.48999999999998,0.0
P450,S41,3,167.98,0.0,1,0,1,0,0.0,167.98,20,0,0,0,0.0,0.0
P450,S41,3,171.68,3.700000000000017,1,0,0,0,3.700000000000017,171.68,0,0,1,0,0.0,0.0
P450,S41,3,172.37,0.6899999999999977,1,0,0,0,4.390000000000015,172.37,1,0,2,0,0.6899999999999977,0.0
P450,S41,3,172.78,0.4099999999999966,1,0,0,0,4.800000000000011,172.78,2,0,3,0,1.0999999999999943,0.0
P450,S41,3,173.2,0.4199999999999875,1,0,0,0,5.219999999999999,173.2,3,0,4,0,1.5199999999999818,0.0
P450,S41,3,173.98,0.7800000000000011,1,0,0,0,6.0,173.98,4,0,5,0,2.299999999999983,0.0
P450,S41,3,174.78,0.8000000000000114,1,0,0,0,6.800000000000011,174.78,5,0,6,0,3.0999999999999943,0.0
P450,S41,3,175.64,0.8599999999999852,1,0,0,0,7.659999999999997,175.64,6,0,7,0,3.9599999999999795,0.0
P450,S41,3,176.29,0.6500000000000057,1,0,0,0,8.310000000000002,176.29,7,0,8,0,4.609999999999985,0.0
P450,S41,3,176.95,0.6599999999999966,1,0,0,0,8.969999999999999,176.95,8,0,9,0,5.269999999999982,0.0
P450,S41,3,177.78,0.8300000000000125,1,0,0,0,9.800000000000011,177.78,9,0,10,0,6.099999999999994,0.0
P450,S41,3,178.45,0.6699999999999875,1,0,0,0,10.469999999999999,178.45,10,0,11,0,6.769999999999982,0.0
P450,S41,3,179.64,1.1899999999999977,1,0,0,0,11.659999999999997,179.64,11,0,12,0,7.9599999999999795,0.0
P450,S41,3,180.62,0.9800000000000182,1,0,0,0,12.640000000000015,180.62,12,0,13,0,8.939999999999998,0.0
P450,S41,3,181.34,0.7199999999999989,1,0,0,0,13.360000000000014,181.34,13,0,14,0,9.659999999999997,0.0
P450,S41,3,182.5,1.1599999999999966,1,0,0,0,14.52000000000001,182.5,14,0,15,0,10.819999999999993,0.0
P450,S41,3,183.38,0.8799999999999955,1,0,0,0,15.400000000000006,183.38,15,0,16,0,11.699999999999989,0.0
P450,S41,3,184.02,0.6400000000000148,1,0,0,0,16.04000000000002,184.02,16,0,17,0,12.340000000000003,0.0
P450,S41,3,185.24,1.2199999999999989,1,0,0,0,17.26000000000002,185.24,17,0,18,0,13.560000000000002,0.0
P450,S41,3,186.27,1.0300000000000011,1,0,0,0,18.29000000000002,186.27,18,0,19,0,14.590000000000003,0.0
P450,S41,3,187.53,1.259999999999991,1,0,0,0,19.55000000000001,187.53,19,0,20,0,15.849999999999994,0.0
P450,S41,3,187.86,0.3300000000000125,1,0,0,0,19.880000000000024,187.86,20,0,21,0,16.180000000000007,0.0
P450,S41,3,189.19,1.329999999999984,1,0,0,0,21.210000000000008,189.19,21,0,22,0,17.50999999999999,0.0
P450,S41,3,190.03,0.8400000000000034,1,0,0,0,22.05000000000001,190.03,22,0,23,0,18.349999999999994,0.0
P450,S41,3,190.73,0.6999999999999886,1,0,0,0,22.75,190.73,23,0,24,0,19.049999999999983,0.0
P450,S41,3,191.43,0.700000000000017,1,0,0,0,23.450000000000017,191.43,24,0,25,0,19.75,0.0
P450,S41,3,192.7,1.2699999999999818,1,0,0,0,24.72,192.7,25,0,26,0,21.019999999999982,0.0
P450,S41,3,192.7,0.0,1,0,1,0,0.0,192.7,26,0,0,0,0.0,0.0
P450,S41,3,197.83,5.130000000000024,1,0,0,0,5.130000000000024,197.83,0,0,1,0,0.0,0.0
P450,S41,3,198.23,0.39999999999997726,1,0,0,0,5.530000000000001,198.23,1,0,2,0,0.39999999999997726,0.0
P450,S41,3,198.65,0.4200000000000159,1,0,0,0,5.950000000000017,198.65,2,0,3,0,0.8199999999999932,0.0
P450,S41,3,199.35,0.6999999999999886,1,0,0,0,6.650000000000006,199.35,3,0,4,0,1.5199999999999818,0.0
P450,S41,3,199.35,0.0,1,0,1,0,0.0,199.35,4,0,0,0,0.0,0.0
P450,S41,3,203.37,4.02000000000001,1,0,0,0,4.02000000000001,203.37,0,0,1,0,0.0,0.0
P450,S41,3,203.37,0.0,1,0,1,0,0.0,203.37,1,0,0,0,0.0,0.0
P450,S41,3,207.97,4.599999999999994,1,0,0,0,4.599999999999994,207.97,0,0,1,0,0.0,0.0
P450,S41,3,208.77,0.8000000000000114,1,0,0,0,5.400000000000006,208.77,1,0,2,0,0.8000000000000114,0.0
P450,S41,3,209.18,0.4099999999999966,1,0,0,0,5.810000000000002,209.18,2,0,3,0,1.210000000000008,0.0
P450,S41,3,209.88,0.6999999999999886,1,0,0,0,6.509999999999991,209.88,3,0,4,0,1.9099999999999966,0.0
P450,S41,3,210.96,1.0800000000000125,1,0,0,0,7.590000000000003,210.96,4,0,5,0,2.990000000000009,0.0
P450,S41,3,211.39,0.4299999999999784,1,0,0,0,8.019999999999982,211.39,5,0,6,0,3.4199999999999875,0.0
P450,S41,3,212.37,0.9800000000000182,1,0,0,0,9.0,212.37,6,0,7,0,4.400000000000006,0.0
P450,S41,3,212.75,0.37999999999999545,1,0,0,0,9.379999999999995,212.75,7,0,8,0,4.780000000000001,0.0
P450,S41,3,214.6,1.8499999999999943,1,0,0,0,11.22999999999999,214.6,8,0,9,0,6.6299999999999955,0.0
P450,S41,3,215.42,0.8199999999999932,1,0,0,0,12.049999999999983,215.42,9,0,10,0,7.449999999999989,0.0
P450,S41,3,215.8,0.3800000000000239,1,0,0,0,12.430000000000007,215.8,10,0,11,0,7.8300000000000125,0.0
P450,S41,3,216.2,0.39999999999997726,1,0,0,0,12.829999999999984,216.2,11,0,12,0,8.22999999999999,0.0
P450,S41,3,218.33,2.130000000000024,1,0,0,0,14.960000000000008,218.33,12,0,13,0,10.360000000000014,0.0
P450,S41,3,219.13,0.799999999999983,1,0,0,0,15.759999999999991,219.13,13,0,14,0,11.159999999999997,0.0
P450,S41,3,219.55,0.4200000000000159,1,0,0,0,16.180000000000007,219.55,14,0,15,0,11.580000000000013,0.0
P450,S41,3,220.34,0.789999999999992,1,0,0,0,16.97,220.34,15,0,16,0,12.370000000000005,0.0
P450,S41,3,221.02,0.6800000000000068,1,0,0,0,17.650000000000006,221.02,16,0,17,0,13.050000000000011,0.0
P450,S41,3,221.66,0.6399999999999864,1,0,0,0,18.289999999999992,221.66,17,0,18,0,13.689999999999998,0.0
P450,S41,3,222.37,0.710000000000008,1,0,0,0,19.0,222.37,18,0,19,0,14.400000000000006,0.0
P450,S41,3,222.77,0.4000000000000057,1,0,0,0,19.400000000000006,222.77,19,0,20,0,14.800000000000011,0.0
P450,S41,3,223.47,0.6999999999999886,1,0,0,0,20.099999999999994,223.47,20,0,21,0,15.5,0.0
P450,S41,3,224.65,1.1800000000000068,1,0,0,0,21.28,224.65,21,0,22,0,16.680000000000007,0.0
P450,S41,3,225.59,0.9399999999999977,1,0,0,0,22.22,225.59,22,0,23,0,17.620000000000005,0.0
P450,S41,3,226.67,1.079999999999984,1,0,0,0,23.299999999999983,226.67,23,0,24,0,18.69999999999999,0.0
P450,S41,3,227.79,1.1200000000000045,1,0,0,0,24.419999999999987,227.79,24,0,25,0,19.819999999999993,0.0
P450,S41,3,227.79,0.0,1,0,1,0,0.0,227.79,25,0,0,0,0.0,0.0
P450,S41,3,233.28,5.490000000000009,1,0,0,0,5.490000000000009,233.28,0,0,1,0,0.0,0.0
P450,S41,3,234.32,1.039999999999992,1,0,0,0,6.530000000000001,234.32,1,0,2,0,1.039999999999992,0.0
P450,S41,3,234.98,0.6599999999999966,1,0,0,0,7.189999999999998,234.98,2,0,3,0,1.6999999999999886,0.0
P450,S41,3,235.38,0.4000000000000057,1,0,0,0,7.590000000000003,235.38,3,0,4,0,2.0999999999999943,0.0
P450,S41,3,236.12,0.7400000000000091,1,0,0,0,8.330000000000013,236.12,4,0,5,0,2.8400000000000034,0.0
P450,S41,3,237.39,1.2699999999999818,1,0,0,0,9.599999999999994,237.39,5,0,6,0,4.109999999999985,0.0
P450,S41,3,237.39,0.0,1,0,1,0,0.0,237.39,6,0,0,0,0.0,0.0
P450,S41,3,241.51,4.1200000000000045,1,0,0,0,4.1200000000000045,241.51,0,0,1,0,0.0,0.0
P450,S41,3,242.17,0.6599999999999966,1,0,0,0,4.780000000000001,242.17,1,0,2,0,0.6599999999999966,0.0
P450,S41,3,243.22,1.0500000000000114,1,0,0,0,5.8300000000000125,243.22,2,0,3,0,1.710000000000008,0.0
P450,S41,3,244.25,1.0300000000000011,1,0,0,0,6.860000000000014,244.25,3,0,4,0,2.740000000000009,0.0
P450,S41,3,245.36,1.1100000000000136,1,0,0,0,7.970000000000027,245.36,4,0,5,0,3.8500000000000227,0.0
P450,S41,3,246.89,1.5299999999999727,1,0,0,0,9.5,246.89,5,0,6,0,5.3799999999999955,0.0
P450,S41,3,248.46,1.5700000000000216,1,0,0,0,11.070000000000022,248.46,6,0,7,0,6.950000000000017,0.0
P450,S41,3,249.29,0.8299999999999841,1,0,0,0,11.900000000000006,249.29,7,0,8,0,7.780000000000001,0.0
P450,S41,3,250.88,1.5900000000000034,1,0,0,0,13.490000000000009,250.88,8,0,9,0,9.370000000000005,0.0
P450,S41,3,252.02,1.1400000000000148,1,0,0,0,14.630000000000024,252.02,9,0,10,0,10.51000000000002,0.0
P450,S41,3,254.33,2.3100000000000023,1,0,0,0,16.940000000000026,254.33,10,0,11,0,12.820000000000022,0.0
P450,S41,3,255.51,1.1799999999999784,1,0,0,0,18.120000000000005,255.51,11,0,12,0,14.0,0.0
P450,S41,3,255.51,0.0,1,0,1,0,0.0,255.51,12,0,0,0,0.0,0.0
P450,S41,3,260.94,5.430000000000007,1,0,0,0,5.430000000000007,260.94,0,0,1,0,0.0,0.0
P450,S41,3,260.94,0.0,1,0,1,0,0.0,260.94,1,0,0,0,0.0,0.0
P450,S41,3,265.71,4.769999999999982,1,0,0,0,4.769999999999982,265.71,0,0,1,0,0.0,0.0
P450,S41,3,266.79,1.080000000000041,1,0,0,0,5.850000000000023,266.79,1,0,2,0,1.080000000000041,0.0
P450,S41,3,267.57,0.7799999999999727,1,0,0,0,6.6299999999999955,267.57,2,0,3,0,1.8600000000000136,0.0
P450,S41,3,267.93,0.36000000000001364,1,0,0,0,6.990000000000009,267.93,3,0,4,0,2.2200000000000273,0.0
P450,S41,3,268.65,0.7199999999999704,1,0,0,0,7.7099999999999795,268.65,4,0,5,0,2.9399999999999977,0.0
P450,S41,3,270.28,1.6299999999999955,1,0,0,0,9.339999999999975,270.28,5,0,6,0,4.569999999999993,0.0
P450,S41,3,270.96,0.6800000000000068,1,0,0,0,10.019999999999982,270.96,6,0,7,0,5.25,0.0
P450,S41,3,271.98,1.0200000000000387,1,0,0,0,11.04000000000002,271.98,7,0,8,0,6.270000000000039,0.0
P450,S41,3,272.45,0.46999999999997044,1,0,0,0,11.509999999999991,272.45,8,0,9,0,6.740000000000009,0.0
P450,S41,3,272.83,0.37999999999999545,1,0,0,0,11.889999999999986,272.83,9,0,10,0,7.1200000000000045,0.0
P450,S41,3,273.23,0.4000000000000341,1,0,0,0,12.29000000000002,273.23,10,0,11,0,7.520000000000039,0.0
P450,S41,3,274.61,1.3799999999999955,1,0,0,0,13.670000000000016,274.61,11,0,12,0,8.900000000000034,0.0
P450,S41,3,274.99,0.37999999999999545,1,0,0,0,14.050000000000011,274.99,12,0,13,0,9.28000000000003,0.0
P450,S41,3,275.42,0.4300000000000068,1,0,0,0,14.480000000000018,275.42,13,0,14,0,9.710000000000036,0.0
P450,S41,3,276.19,0.7699999999999818,1,0,0,0,15.25,276.19,14,0,15,0,10.480000000000018,0.0
P450,S41,3,277.69,1.5,1,0,0,0,16.75,277.69,15,0,16,0,11.980000000000018,0.0
P450,S41,3,278.03,0.339999999999975,1,0,0,0,17.089999999999975,278.03,16,0,17,0,12.319999999999993,0.0
P450,S41,3,279.06,1.0300000000000296,1,0,0,0,18.120000000000005,279.06,17,0,18,0,13.350000000000023,0.0
P450,S41,3,279.42,0.36000000000001364,1,0,0,0,18.480000000000018,279.42,18,0,19,0,13.710000000000036,0.0
P450,S41,3,280.59,1.169999999999959,1,0,0,0,19.649999999999977,280.59,19,0,20,0,14.879999999999995,0.0
P450,S41,3,281.96,1.3700000000000045,1,0,0,0,21.019999999999982,281.96,20,0,21,0,16.25,0.0
P450,S41,3,284.88,2.920000000000016,1,0,0,0,23.939999999999998,284.88,21,0,22,0,19.170000000000016,0.0
P450,S41,3,286.3,1.420000000000016,1,0,0,0,25.360000000000014,286.3,22,0,23,0,20.590000000000032,0.0
P450,S41,3,287.56,1.259999999999991,1,0,0,0,26.620000000000005,287.56,23,0,24,0,21.850000000000023,0.0
P450,S41,3,287.56,0.0,1,0,1,0,0.0,287.56,24,0,0,0,0.0,0.0
P450,S41,3,292.14,4.579999999999984,1,0,0,0,4.579999999999984,292.14,0,0,1,0,0.0,0.0
P450,S41,3,292.81,0.6700000000000159,1,0,0,0,5.25,292.81,1,0,2,0,0.6700000000000159,0.0
P450,S41,3,294.05,1.240000000000009,1,0,0,0,6.490000000000009,294.05,2,0,3,0,1.910000000000025,0.0
P450,S41,3,295.22,1.170000000000016,1,0,0,0,7.660000000000025,295.22,3,0,4,0,3.080000000000041,0.0
P450,S41,3,295.63,0.40999999999996817,1,0,0,0,8.069999999999993,295.63,4,0,5,0,3.490000000000009,0.0
P450,S41,3,296.48,0.8500000000000227,1,0,0,0,8.920000000000016,296.48,5,0,6,0,4.340000000000032,0.0
P450,S41,3,298.63,2.1499999999999773,1,0,0,0,11.069999999999993,298.63,6,0,7,0,6.490000000000009,0.0
P450,S41,3,298.99,0.36000000000001364,1,0,0,0,11.430000000000007,298.99,7,0,8,0,6.850000000000023,0.0
P450,S41,3,301.71,2.7199999999999704,1,0,0,0,14.149999999999977,301.71,8,0,9,0,9.569999999999993,0.0
P450,S41,3,302.07,0.36000000000001364,1,0,0,0,14.509999999999991,302.07,9,0,10,0,9.930000000000007,0.0
P450,S41,3,302.54,0.4700000000000273,1,0,0,0,14.980000000000018,302.54,10,0,11,0,10.400000000000034,0.0
P450,S41,3,304.51,1.9699999999999704,1,0,0,0,16.94999999999999,304.51,11,0,12,0,12.370000000000005,0.0
P450,S41,3,305.44,0.9300000000000068,1,0,0,0,17.879999999999995,305.44,12,0,13,0,13.300000000000011,0.0
P450,S41,3,305.85,0.410000000000025,1,0,0,0,18.29000000000002,305.85,13,0,14,0,13.710000000000036,0.0
P450,S41,3,306.23,0.37999999999999545,1,0,0,0,18.670000000000016,306.23,14,0,15,0,14.090000000000032,0.0
P450,S41,3,307.19,0.9599999999999795,1,0,0,0,19.629999999999995,307.19,15,0,16,0,15.050000000000011,0.0
P450,S41,3,307.93,0.7400000000000091,1,0,0,0,20.370000000000005,307.93,16,0,17,0,15.79000000000002,0.0
P450,S41,3,312.23,4.300000000000011,1,0,0,0,24.670000000000016,312.23,17,0,18,0,20.090000000000032,0.0
P450,S41,3,312.56,0.3299999999999841,1,0,0,0,25.0,312.56,18,0,19,0,20.420000000000016,0.0
P450,S41,3,313.27,0.7099999999999795,1,0,0,0,25.70999999999998,313.27,19,0,20,0,21.129999999999995,0.0
P450,S41,3,313.64,0.37000000000000455,1,0,0,0,26.079999999999984,313.64,20,0,21,0,21.5,0.0
P450,S41,3,317.06,3.420000000000016,1,0,0,0,29.5,317.06,21,0,22,0,24.920000000000016,0.0
P450,S41,3,317.38,0.3199999999999932,1,0,0,0,29.819999999999993,317.38,22,0,23,0,25.24000000000001,0.0
P450,S41,3,318.08,0.6999999999999886,1,0,0,0,30.519999999999982,318.08,23,0,24,0,25.939999999999998,0.0
P450,S41,3,318.43,0.35000000000002274,1,0,0,0,30.870000000000005,318.43,24,0,25,0,26.29000000000002,0.0
P450,S41,3,319.99,1.5600000000000023,1,0,0,0,32.43000000000001,319.99,25,0,26,0,27.850000000000023,0.0
P450,S41,3,322.21,2.2199999999999704,1,0,0,0,34.64999999999998,322.21,26,0,27,0,30.069999999999993,0.0
P450,S41,3,322.66,0.4500000000000455,1,0,0,0,35.10000000000002,322.66,27,0,28,0,30.52000000000004,0.0
P450,S41,3,323.4,0.7399999999999523,1,0,0,0,35.839999999999975,323.4,28,0,29,0,31.25999999999999,0.0
P450,S41,3,325.78,2.3799999999999955,1,0,0,0,38.21999999999997,325.78,29,0,30,0,33.639999999999986,0.0
P450,S41,3,331.43,5.650000000000034,0,1,0,0,43.870000000000005,331.43,0,0,30,1,0.0,0.0
P450,S41,3,332.25,0.8199999999999932,0,1,0,0,44.69,332.25,0,1,30,2,0.0,0.8199999999999932
P450,S41,3,335.35,3.1000000000000227,0,1,0,0,47.79000000000002,335.35,0,2,30,3,0.0,3.920000000000016
P450,S41,3,335.75,0.39999999999997726,0,1,0,0,48.19,335.75,0,3,30,4,0.0,4.319999999999993
P450,S41,3,339.16,3.410000000000025,0,1,0,0,51.60000000000002,339.16,0,4,30,5,0.0,7.730000000000018
P450,S41,3,340.24,1.079999999999984,0,1,0,0,52.68000000000001,340.24,0,5,30,6,0.0,8.810000000000002
P450,S41,3,341.12,0.8799999999999955,0,1,0,0,53.56,341.12,0,6,30,7,0.0,9.689999999999998
P450,S41,3,342.5,1.3799999999999955,0,1,0,0,54.94,342.5,0,7,30,8,0.0,11.069999999999993
P450,S41,3,349.59,7.089999999999975,0,1,0,0,62.02999999999997,349.59,0,8,30,9,0.0,18.159999999999968
P450,S41,3,354.93,5.340000000000032,0,1,0,0,67.37,354.93,0,9,30,10,0.0,23.5
P450,S41,3,355.76,0.8299999999999841,0,1,0,0,68.19999999999999,355.76,0,10,30,11,0.0,24.329999999999984
P450,S41,3,356.16,0.4000000000000341,0,1,0,0,68.60000000000002,356.16,0,11,30,12,0.0,24.730000000000018
P450,S41,3,356.56,0.39999999999997726,0,1,0,0,69.0,356.56,0,12,30,13,0.0,25.129999999999995
P450,S41,3,357.45,0.8899999999999864,0,1,0,0,69.88999999999999,357.45,0,13,30,14,0.0,26.019999999999982
P450,S41,3,358.48,1.0300000000000296,0,1,0,0,70.92000000000002,358.48,0,14,30,15,0.0,27.05000000000001
P450,S41,3,358.9,0.4199999999999591,0,1,0,0,71.33999999999997,358.9,0,15,30,16,0.0,27.46999999999997
P450,S41,3,359.74,0.8400000000000318,0,1,0,0,72.18,359.74,0,16,30,17,0.0,28.310000000000002
P450,S41,3,360.24,0.5,0,1,0,0,72.68,360.24,0,17,30,18,0.0,28.810000000000002
P450,S41,3,360.58,0.339999999999975,0,1,0,0,73.01999999999998,360.58,0,18,30,19,0.0,29.149999999999977
P450,S41,3,361.45,0.8700000000000045,0,1,0,0,73.88999999999999,361.45,0,19,30,20,0.0,30.019999999999982
P450,S41,3,363.95,2.5,0,1,0,0,76.38999999999999,363.95,0,20,30,21,0.0,32.51999999999998
P450,S41,3,365.59,1.6399999999999864,0,1,0,0,78.02999999999997,365.59,0,21,30,22,0.0,34.15999999999997
P450,S41,3,365.95,0.36000000000001364,0,1,0,0,78.38999999999999,365.95,0,22,30,23,0.0,34.51999999999998
P450,S41,3,366.64,0.6899999999999977,0,1,0,0,79.07999999999998,366.64,0,23,30,24,0.0,35.20999999999998
P450,S41,3,367.43,0.7900000000000205,0,1,0,0,79.87,367.43,0,24,30,25,0.0,36.0
P450,S41,3,367.79,0.36000000000001364,0,1,0,0,80.23000000000002,367.79,0,25,30,26,0.0,36.360000000000014
P450,S41,3,368.22,0.4300000000000068,0,1,0,0,80.66000000000003,368.22,0,26,30,27,0.0,36.79000000000002
P450,S41,3,369.7,1.4799999999999613,0,1,0,0,82.13999999999999,369.7,0,27,30,28,0.0,38.26999999999998
P450,S41,3,370.42,0.7200000000000273,0,1,0,0,82.86000000000001,370.42,0,28,30,29,0.0,38.99000000000001
P450,S41,3,370.85,0.4300000000000068,0,1,0,0,83.29000000000002,370.85,0,29,30,30,0.0,39.420000000000016
P450,S41,3,371.38,0.5299999999999727,0,1,0,0,83.82,371.38,0,30,30,31,0.0,39.94999999999999
P450,S41,3,373.73,2.3500000000000227,0,1,0,0,86.17000000000002,373.73,0,31,30,32,0.0,42.30000000000001
P450,S41,3,374.9,1.169999999999959,0,1,0,0,87.33999999999997,374.9,0,32,30,33,0.0,43.46999999999997
P450,S41,3,375.29,0.3900000000000432,0,1,0,0,87.73000000000002,375.29,0,33,30,34,0.0,43.860000000000014
P450,S41,3,379.45,4.159999999999968,1,0,0,0,91.88999999999999,379.45,0,0,31,34,0.0,0.0
P450,S41,3,379.45,0.0,1,0,1,0,0.0,379.45,1,0,0,34,0.0,0.0
P450,S41,3,384.03,4.579999999999984,1,0,0,0,4.579999999999984,384.03,0,0,1,34,0.0,0.0
P450,S41,3,384.77,0.7400000000000091,1,0,0,0,5.319999999999993,384.77,1,0,2,34,0.7400000000000091,0.0
P450,S41,3,388.9,4.1299999999999955,0,1,0,0,9.449999999999989,388.9,0,0,2,35,0.0,0.0
P450,S41,3,389.5,0.6000000000000227,0,1,0,0,10.050000000000011,389.5,0,1,2,36,0.0,0.6000000000000227
P450,S41,3,389.94,0.4399999999999977,0,1,0,0,10.490000000000009,389.94,0,2,2,37,0.0,1.0400000000000205
P450,S41,3,391.97,2.0300000000000296,0,1,0,0,12.520000000000039,391.97,0,3,2,38,0.0,3.07000000000005
P450,S41,3,392.45,0.47999999999996135,0,1,0,0,13.0,392.45,0,4,2,39,0.0,3.5500000000000114
P450,S41,3,392.85,0.4000000000000341,0,1,0,0,13.400000000000034,392.85,0,5,2,40,0.0,3.9500000000000455
P450,S41,3,393.67,0.8199999999999932,0,1,0,0,14.220000000000027,393.67,0,6,2,41,0.0,4.770000000000039
P450,S41,3,394.47,0.8000000000000114,0,1,0,0,15.020000000000039,394.47,0,7,2,42,0.0,5.57000000000005
P450,S41,3,397.73,3.259999999999991,0,1,0,0,18.28000000000003,397.73,0,8,2,43,0.0,8.830000000000041
P450,S41,3,399.34,1.6099999999999568,0,1,0,0,19.889999999999986,399.34,0,9,2,44,0.0,10.439999999999998
P450,S41,3,400.19,0.8500000000000227,0,1,0,0,20.74000000000001,400.19,0,10,2,45,0.0,11.29000000000002
P450,S41,3,400.61,0.4200000000000159,0,1,0,0,21.160000000000025,400.61,0,11,2,46,0.0,11.710000000000036
P450,S41,3,401.08,0.46999999999997044,0,1,0,0,21.629999999999995,401.08,0,12,2,47,0.0,12.180000000000007
P450,S41,3,401.79,0.7100000000000364,0,1,0,0,22.340000000000032,401.79,0,13,2,48,0.0,12.890000000000043
P450,S41,3,402.2,0.40999999999996817,0,1,0,0,22.75,402.2,0,14,2,49,0.0,13.300000000000011
P450,S41,3,402.64,0.4399999999999977,0,1,0,0,23.189999999999998,402.64,0,15,2,50,0.0,13.740000000000009
P450,S41,3,405.82,3.180000000000007,1,0,0,0,26.370000000000005,405.82,0,0,3,50,0.0,0.0
P450,S41,3,405.82,0.0,1,0,1,0,0.0,405.82,1,0,0,50,0.0,0.0
P450,S41,3,409.97,4.150000000000034,1,0,0,0,4.150000000000034,409.97,0,0,1,50,0.0,0.0
P450,S41,3,410.34,0.3699999999999477,1,0,0,0,4.519999999999982,410.34,1,0,2,50,0.3699999999999477,0.0
P450,S41,3,410.34,0.0,1,0,1,0,0.0,410.34,2,0,0,50,0.0,0.0
P450,S41,3,414.64,4.300000000000011,1,0,0,0,4.300000000000011,414.64,0,0,1,50,0.0,0.0
P450,S41,3,415.42,0.7800000000000296,1,0,0,0,5.080000000000041,415.42,1,0,2,50,0.7800000000000296,0.0
P450,S41,3,415.42,0.0,1,0,1,0,0.0,415.42,2,0,0,50,0.0,0.0
P450,S41,3,419.63,4.2099999999999795,1,0,0,0,4.2099999999999795,419.63,0,0,1,50,0.0,0.0
P450,S41,3,421.06,1.4300000000000068,1,0,0,0,5.639999999999986,421.06,1,0,2,50,1.4300000000000068,0.0
P450,S41,3,421.39,0.3299999999999841,1,0,0,0,5.96999999999997,421.39,2,0,3,50,1.759999999999991,0.0
P450,S41,3,421.82,0.4300000000000068,1,0,0,0,6.399999999999977,421.82,3,0,4,50,2.1899999999999977,0.0
P450,S41,3,423.18,1.3600000000000136,1,0,0,0,7.759999999999991,423.18,4,0,5,50,3.5500000000000114,0.0
P450,S41,3,425.4,2.2199999999999704,1,0,0,0,9.979999999999961,425.4,5,0,6,50,5.769999999999982,0.0
P450,S41,3,425.74,0.34000000000003183,1,0,0,0,10.319999999999993,425.74,6,0,7,50,6.110000000000014,0.0
P450,S41,3,426.58,0.839999999999975,1,0,0,0,11.159999999999968,426.58,7,0,8,50,6.949999999999989,0.0
P450,S41,3,426.97,0.3900000000000432,1,0,0,0,11.550000000000011,426.97,8,0,9,50,7.340000000000032,0.0
P450,S41,3,427.42,0.44999999999998863,1,0,0,0,12.0,427.42,9,0,10,50,7.7900000000000205,0.0
P450,S41,3,428.82,1.3999999999999773,1,0,0,0,13.399999999999977,428.82,10,0,11,50,9.189999999999998,0.0
P450,S41,3,429.28,0.45999999999997954,1,0,0,0,13.859999999999957,429.28,11,0,12,50,9.649999999999977,0.0
P450,S41,3,429.68,0.4000000000000341,1,0,0,0,14.259999999999991,429.68,12,0,13,50,10.050000000000011,0.0
P450,S41,3,430.44,0.7599999999999909,1,0,0,0,15.019999999999982,430.44,13,0,14,50,10.810000000000002,0.0
P450,S41,3,430.87,0.4300000000000068,1,0,0,0,15.449999999999989,430.87,14,0,15,50,11.240000000000009,0.0
P450,S41,3,431.87,1.0,1,0,0,0,16.44999999999999,431.87,15,0,16,50,12.240000000000009,0.0
P450,S41,3,432.27,0.39999999999997726,1,0,0,0,16.849999999999966,432.27,16,0,17,50,12.639999999999986,0.0
P450,S41,3,434.35,2.080000000000041,1,0,0,0,18.930000000000007,434.35,17,0,18,50,14.720000000000027,0.0
P450,S41,3,434.72,0.37000000000000455,1,0,0,0,19.30000000000001,434.72,18,0,19,50,15.090000000000032,0.0
P450,S41,3,436.23,1.509999999999991,1,0,0,0,20.810000000000002,436.23,19,0,20,50,16.600000000000023,0.0
P450,S41,3,437.02,0.7899999999999636,1,0,0,0,21.599999999999966,437.02,20,0,21,50,17.389999999999986,0.0
P450,S41,3,437.02,0.0,1,0,1,0,0.0,437.02,21,0,0,50,0.0,0.0
P450,S41,3,442.38,5.360000000000014,1,0,0,0,5.360000000000014,442.38,0,0,1,50,0.0,0.0
P450,S41,3,443.23,0.8500000000000227,1,0,0,0,6.210000000000036,443.23,1,0,2,50,0.8500000000000227,0.0
P450,S41,3,445.49,2.259999999999991,1,0,0,0,8.470000000000027,445.49,2,0,3,50,3.1100000000000136,0.0
P450,S41,3,445.85,0.36000000000001364,1,0,0,0,8.830000000000041,445.85,3,0,4,50,3.4700000000000273,0.0
P450,S41,3,446.26,0.40999999999996817,1,0,0,0,9.240000000000009,446.26,4,0,5,50,3.8799999999999955,0.0
P450,S41,3,446.66,0.4000000000000341,1,0,0,0,9.640000000000043,446.66,5,0,6,50,4.28000000000003,0.0
P450,S41,3,447.13,0.46999999999997044,1,0,0,0,10.110000000000014,447.13,6,0,7,50,4.75,0.0
P450,S41,3,447.5,0.37000000000000455,1,0,0,0,10.480000000000018,447.5,7,0,8,50,5.1200000000000045,0.0
P450,S41,3,448.69,1.1899999999999977,1,0,0,0,11.670000000000016,448.69,8,0,9,50,6.310000000000002,0.0
P450,S41,3,449.02,0.3299999999999841,1,0,0,0,12.0,449.02,9,0,10,50,6.639999999999986,0.0
P450,S41,3,449.82,0.8000000000000114,1,0,0,0,12.800000000000011,449.82,10,0,11,50,7.439999999999998,0.0
P450,S41,3,450.26,0.4399999999999977,1,0,0,0,13.240000000000009,450.26,11,0,12,50,7.8799999999999955,0.0
P450,S41,3,451.53,1.2699999999999818,1,0,0,0,14.509999999999991,451.53,12,0,13,50,9.149999999999977,0.0
P450,S41,3,452.31,0.7800000000000296,1,0,0,0,15.29000000000002,452.31,13,0,14,50,9.930000000000007,0.0
P450,S41,3,452.99,0.6800000000000068,1,0,0,0,15.970000000000027,452.99,14,0,15,50,10.610000000000014,0.0
P450,S41,3,453.34,0.3499999999999659,1,0,0,0,16.319999999999993,453.34,15,0,16,50,10.95999999999998,0.0
P450,S41,3,453.86,0.5200000000000387,1,0,0,0,16.840000000000032,453.86,16,0,17,50,11.480000000000018,0.0
P450,S41,3,453.86,0.0,1,0,1,0,0.0,453.86,17,0,0,50,0.0,0.0
